# Frame index for RAM dump
# Format: FRAME_NUM BYTE_OFFSET NMI_ENABLED
0 0 0
1 2048 0
2 4096 0
3 6144 0
4 8192 1
5 10240 0
6 12288 0
7 14336 1
8 16384 1
9 18432 1
10 20480 1
11 22528 1
12 24576 1
13 26624 1
14 28672 1
15 30720 1
16 32768 1
17 34816 1
18 36864 1
19 38912 1
20 40960 1
21 43008 1
22 45056 1
23 47104 1
24 49152 1
25 51200 1
26 53248 1
27 55296 1
28 57344 1
29 59392 1
30 61440 1
31 63488 1
32 65536 1
33 67584 1
34 69632 1
35 71680 1
36 73728 1
37 75776 1
38 77824 1
39 79872 1
40 81920 1
41 83968 1
42 86016 0
43 88064 1
44 90112 1
45 92160 1
46 94208 1
47 96256 1
48 98304 1
49 100352 1
50 102400 1
51 104448 1
52 106496 1
53 108544 1
54 110592 1
55 112640 1
56 114688 1
57 116736 1
58 118784 1
59 120832 1
60 122880 1
61 124928 1
62 126976 1
63 129024 1
64 131072 1
65 133120 1
66 135168 1
67 137216 1
68 139264 1
69 141312 1
70 143360 1
71 145408 1
72 147456 1
73 149504 1
74 151552 1
75 153600 1
76 155648 1
77 157696 1
78 159744 1
79 161792 1
80 163840 1
81 165888 1
82 167936 1
83 169984 1
84 172032 1
85 174080 1
86 176128 1
87 178176 1
88 180224 1
89 182272 1
90 184320 1
91 186368 1
92 188416 1
93 190464 1
94 192512 1
95 194560 1
96 196608 1
97 198656 1
98 200704 1
99 202752 1
100 204800 1
101 206848 1
102 208896 1
103 210944 1
104 212992 1
105 215040 1
106 217088 1
107 219136 1
108 221184 1
109 223232 1
110 225280 1
111 227328 1
112 229376 1
113 231424 1
114 233472 1
115 235520 1
116 237568 1
117 239616 1
118 241664 1
119 243712 1
120 245760 1
121 247808 1
122 249856 1
123 251904 1
124 253952 1
125 256000 1
126 258048 1
127 260096 1
128 262144 1
129 264192 1
130 266240 1
131 268288 1
132 270336 1
133 272384 1
134 274432 1
135 276480 1
136 278528 1
137 280576 1
138 282624 1
139 284672 1
140 286720 1
141 288768 1
142 290816 1
143 292864 1
144 294912 1
145 296960 1
146 299008 1
147 301056 1
148 303104 1
149 305152 1
150 307200 1
151 309248 1
152 311296 1
153 313344 1
154 315392 1
155 317440 1
156 319488 1
157 321536 1
158 323584 1
159 325632 1
160 327680 1
161 329728 1
162 331776 1
163 333824 1
164 335872 1
165 337920 1
166 339968 1
167 342016 1
168 344064 1
169 346112 1
170 348160 1
171 350208 1
172 352256 1
173 354304 1
174 356352 1
175 358400 1
176 360448 1
177 362496 1
178 364544 1
179 366592 1
180 368640 1
181 370688 1
182 372736 1
183 374784 1
184 376832 1
185 378880 1
186 380928 1
187 382976 1
188 385024 1
189 387072 1
190 389120 1
191 391168 1
192 393216 1
193 395264 1
194 397312 1
195 399360 1
196 401408 1
197 403456 1
198 405504 1
199 407552 1
200 409600 1
201 411648 1
202 413696 1
203 415744 1
204 417792 1
205 419840 1
206 421888 1
207 423936 1
208 425984 1
209 428032 1
210 430080 1
211 432128 1
212 434176 1
213 436224 1
214 438272 1
215 440320 1
216 442368 1
217 444416 1
218 446464 1
219 448512 1
220 450560 1
221 452608 1
222 454656 1
223 456704 1
224 458752 1
225 460800 1
226 462848 1
227 464896 1
228 466944 1
229 468992 1
230 471040 1
231 473088 1
232 475136 1
233 477184 1
234 479232 1
235 481280 1
236 483328 1
237 485376 1
238 487424 1
239 489472 1
240 491520 1
241 493568 1
242 495616 1
243 497664 1
244 499712 1
245 501760 1
246 503808 1
247 505856 1
248 507904 1
249 509952 1
250 512000 1
251 514048 1
252 516096 1
253 518144 1
254 520192 1
255 522240 1
256 524288 1
257 526336 1
258 528384 1
259 530432 1
260 532480 1
261 534528 1
262 536576 1
263 538624 1
264 540672 1
265 542720 1
266 544768 1
267 546816 1
268 548864 1
269 550912 1
270 552960 1
271 555008 1
272 557056 1
273 559104 1
274 561152 1
275 563200 1
276 565248 1
277 567296 1
278 569344 1
279 571392 1
280 573440 1
281 575488 1
282 577536 1
283 579584 1
284 581632 1
285 583680 1
286 585728 1
287 587776 1
288 589824 1
289 591872 1
290 593920 1
291 595968 1
292 598016 1
293 600064 1
294 602112 1
295 604160 1
296 606208 1
297 608256 1
298 610304 1
299 612352 1
300 614400 1
301 616448 1
302 618496 1
303 620544 1
304 622592 1
305 624640 1
306 626688 1
307 628736 1
308 630784 1
309 632832 1
310 634880 1
311 636928 1
312 638976 1
313 641024 1
314 643072 1
315 645120 1
316 647168 1
317 649216 1
318 651264 1
319 653312 1
320 655360 1
321 657408 1
322 659456 1
323 661504 1
324 663552 1
325 665600 1
326 667648 1
327 669696 1
328 671744 1
329 673792 1
330 675840 1
331 677888 1
332 679936 1
333 681984 1
334 684032 1
335 686080 1
336 688128 1
337 690176 1
338 692224 1
339 694272 1
340 696320 1
341 698368 1
342 700416 1
343 702464 1
344 704512 1
345 706560 1
346 708608 1
347 710656 1
348 712704 1
349 714752 1
350 716800 1
351 718848 1
352 720896 1
353 722944 1
354 724992 1
355 727040 1
356 729088 1
357 731136 1
358 733184 1
359 735232 1
360 737280 1
361 739328 1
362 741376 1
363 743424 1
364 745472 1
365 747520 1
366 749568 1
367 751616 1
368 753664 1
369 755712 1
370 757760 1
371 759808 1
372 761856 1
373 763904 1
374 765952 1
375 768000 1
376 770048 1
377 772096 1
378 774144 1
379 776192 1
380 778240 1
381 780288 1
382 782336 1
383 784384 1
384 786432 1
385 788480 1
386 790528 1
387 792576 1
388 794624 1
389 796672 1
390 798720 1
391 800768 1
392 802816 1
393 804864 1
394 806912 1
395 808960 1
396 811008 1
397 813056 1
398 815104 1
399 817152 1
400 819200 1
401 821248 1
402 823296 1
403 825344 1
404 827392 1
405 829440 1
406 831488 1
407 833536 1
408 835584 1
409 837632 1
410 839680 1
411 841728 1
412 843776 1
413 845824 1
414 847872 1
415 849920 1
416 851968 1
417 854016 1
418 856064 1
419 858112 1
420 860160 1
421 862208 1
422 864256 1
423 866304 1
424 868352 1
425 870400 1
426 872448 1
427 874496 1
428 876544 1
429 878592 1
430 880640 1
431 882688 1
432 884736 1
433 886784 1
434 888832 1
435 890880 1
436 892928 1
437 894976 1
438 897024 1
439 899072 1
440 901120 1
441 903168 1
442 905216 1
443 907264 1
444 909312 1
445 911360 1
446 913408 1
447 915456 1
448 917504 1
449 919552 1
450 921600 1
451 923648 1
452 925696 1
453 927744 1
454 929792 1
455 931840 1
456 933888 1
457 935936 1
458 937984 1
459 940032 1
460 942080 1
461 944128 1
462 946176 1
463 948224 1
464 950272 1
465 952320 1
466 954368 1
467 956416 1
468 958464 1
469 960512 1
470 962560 1
471 964608 1
472 966656 1
473 968704 1
474 970752 1
475 972800 1
476 974848 1
477 976896 1
478 978944 1
479 980992 1
480 983040 1
481 985088 1
482 987136 1
483 989184 1
484 991232 1
485 993280 1
486 995328 1
487 997376 1
488 999424 1
489 1001472 1
490 1003520 1
491 1005568 1
492 1007616 1
493 1009664 1
494 1011712 1
495 1013760 1
496 1015808 1
497 1017856 1
498 1019904 1
499 1021952 1
500 1024000 1
501 1026048 1
502 1028096 1
503 1030144 1
504 1032192 1
505 1034240 1
506 1036288 1
507 1038336 1
508 1040384 1
509 1042432 1
510 1044480 1
511 1046528 1
512 1048576 1
513 1050624 1
514 1052672 1
515 1054720 1
516 1056768 1
517 1058816 1
518 1060864 1
519 1062912 1
520 1064960 1
521 1067008 1
522 1069056 1
523 1071104 1
524 1073152 1
525 1075200 1
526 1077248 1
527 1079296 1
528 1081344 1
529 1083392 1
530 1085440 1
531 1087488 1
532 1089536 1
533 1091584 1
534 1093632 1
535 1095680 1
536 1097728 1
537 1099776 1
538 1101824 1
539 1103872 1
540 1105920 1
541 1107968 1
542 1110016 1
543 1112064 1
544 1114112 1
545 1116160 1
546 1118208 1
547 1120256 1
548 1122304 1
549 1124352 1
550 1126400 1
551 1128448 1
552 1130496 1
553 1132544 1
554 1134592 1
555 1136640 1
556 1138688 1
557 1140736 1
558 1142784 1
559 1144832 1
560 1146880 1
561 1148928 1
562 1150976 1
563 1153024 1
564 1155072 1
565 1157120 1
566 1159168 1
567 1161216 1
568 1163264 1
569 1165312 1
570 1167360 1
571 1169408 1
572 1171456 1
573 1173504 1
574 1175552 1
575 1177600 1
576 1179648 0
577 1181696 0
578 1183744 1
579 1185792 1
580 1187840 1
581 1189888 1
582 1191936 1
583 1193984 1
584 1196032 1
585 1198080 1
586 1200128 1
587 1202176 1
588 1204224 1
589 1206272 1
590 1208320 1
591 1210368 1
592 1212416 1
593 1214464 1
594 1216512 1
595 1218560 1
596 1220608 1
597 1222656 1
598 1224704 1
599 1226752 1
600 1228800 1
601 1230848 1
602 1232896 1
603 1234944 1
604 1236992 1
605 1239040 1
606 1241088 1
607 1243136 1
608 1245184 1
609 1247232 1
610 1249280 1
611 1251328 1
612 1253376 0
613 1255424 1
614 1257472 1
615 1259520 1
616 1261568 1
617 1263616 1
618 1265664 1
619 1267712 1
620 1269760 1
621 1271808 1
622 1273856 1
623 1275904 1
624 1277952 1
625 1280000 1
626 1282048 1
627 1284096 1
628 1286144 1
629 1288192 1
630 1290240 1
631 1292288 1
632 1294336 1
633 1296384 1
634 1298432 1
635 1300480 1
636 1302528 1
637 1304576 1
638 1306624 1
639 1308672 1
640 1310720 1
641 1312768 1
642 1314816 1
643 1316864 1
644 1318912 1
645 1320960 1
646 1323008 1
647 1325056 1
648 1327104 1
649 1329152 1
650 1331200 1
651 1333248 1
652 1335296 1
653 1337344 1
654 1339392 1
655 1341440 1
656 1343488 1
657 1345536 1
658 1347584 1
659 1349632 1
660 1351680 1
661 1353728 1
662 1355776 1
663 1357824 1
664 1359872 1
665 1361920 1
666 1363968 1
667 1366016 1
668 1368064 1
669 1370112 1
670 1372160 1
671 1374208 1
672 1376256 1
673 1378304 1
674 1380352 1
675 1382400 1
676 1384448 1
677 1386496 1
678 1388544 1
679 1390592 1
680 1392640 1
681 1394688 1
682 1396736 1
683 1398784 1
684 1400832 1
685 1402880 1
686 1404928 1
687 1406976 1
688 1409024 1
689 1411072 1
690 1413120 1
691 1415168 1
692 1417216 1
693 1419264 1
694 1421312 1
695 1423360 1
696 1425408 1
697 1427456 1
698 1429504 1
699 1431552 1
700 1433600 1
701 1435648 1
702 1437696 1
703 1439744 1
704 1441792 1
705 1443840 1
706 1445888 1
707 1447936 1
708 1449984 1
709 1452032 1
710 1454080 1
711 1456128 1
712 1458176 1
713 1460224 1
714 1462272 1
715 1464320 1
716 1466368 1
717 1468416 1
718 1470464 1
719 1472512 1
720 1474560 1
721 1476608 1
722 1478656 1
723 1480704 1
724 1482752 1
725 1484800 1
726 1486848 1
727 1488896 1
728 1490944 1
729 1492992 1
730 1495040 1
731 1497088 1
732 1499136 1
733 1501184 1
734 1503232 1
735 1505280 1
736 1507328 1
737 1509376 1
738 1511424 1
739 1513472 1
740 1515520 1
741 1517568 1
742 1519616 1
743 1521664 1
744 1523712 1
745 1525760 1
746 1527808 1
747 1529856 1
748 1531904 1
749 1533952 1
750 1536000 1
751 1538048 1
752 1540096 1
753 1542144 1
754 1544192 1
755 1546240 1
756 1548288 1
757 1550336 1
758 1552384 1
759 1554432 1
760 1556480 1
761 1558528 1
762 1560576 1
763 1562624 1
764 1564672 1
765 1566720 1
766 1568768 1
767 1570816 1
768 1572864 1
769 1574912 1
770 1576960 1
771 1579008 1
772 1581056 1
773 1583104 1
774 1585152 1
775 1587200 1
776 1589248 1
777 1591296 1
778 1593344 1
779 1595392 1
780 1597440 1
781 1599488 1
782 1601536 1
783 1603584 1
784 1605632 1
785 1607680 1
786 1609728 1
787 1611776 1
788 1613824 1
789 1615872 1
790 1617920 1
791 1619968 1
792 1622016 1
793 1624064 1
794 1626112 1
795 1628160 1
796 1630208 1
797 1632256 1
798 1634304 1
799 1636352 1
800 1638400 1
801 1640448 1
802 1642496 1
803 1644544 1
804 1646592 1
805 1648640 1
806 1650688 1
807 1652736 1
808 1654784 1
809 1656832 1
810 1658880 1
811 1660928 1
812 1662976 1
813 1665024 1
814 1667072 1
815 1669120 1
816 1671168 1
817 1673216 1
818 1675264 1
819 1677312 1
820 1679360 1
821 1681408 1
822 1683456 1
823 1685504 1
824 1687552 1
825 1689600 1
826 1691648 1
827 1693696 1
828 1695744 1
829 1697792 1
830 1699840 1
831 1701888 1
832 1703936 1
833 1705984 1
834 1708032 1
835 1710080 1
836 1712128 1
837 1714176 1
838 1716224 1
839 1718272 1
840 1720320 1
841 1722368 1
842 1724416 1
843 1726464 1
844 1728512 1
845 1730560 1
846 1732608 1
847 1734656 1
848 1736704 1
849 1738752 1
850 1740800 1
851 1742848 1
852 1744896 1
853 1746944 1
854 1748992 1
855 1751040 1
856 1753088 1
857 1755136 1
858 1757184 1
859 1759232 1
860 1761280 1
861 1763328 1
862 1765376 1
863 1767424 1
864 1769472 1
865 1771520 1
866 1773568 1
867 1775616 1
868 1777664 1
869 1779712 1
870 1781760 1
871 1783808 1
872 1785856 1
873 1787904 1
874 1789952 1
875 1792000 1
876 1794048 1
877 1796096 1
878 1798144 1
879 1800192 1
880 1802240 1
881 1804288 1
882 1806336 1
883 1808384 1
884 1810432 1
885 1812480 1
886 1814528 1
887 1816576 1
888 1818624 1
889 1820672 1
890 1822720 1
891 1824768 1
892 1826816 1
893 1828864 1
894 1830912 1
895 1832960 1
896 1835008 1
897 1837056 1
898 1839104 1
899 1841152 1
900 1843200 1
901 1845248 1
902 1847296 1
903 1849344 1
904 1851392 1
905 1853440 1
906 1855488 1
907 1857536 1
908 1859584 1
909 1861632 1
910 1863680 1
911 1865728 1
912 1867776 1
913 1869824 1
914 1871872 1
915 1873920 1
916 1875968 1
917 1878016 1
918 1880064 1
919 1882112 1
920 1884160 1
921 1886208 1
922 1888256 1
923 1890304 1
924 1892352 1
925 1894400 1
926 1896448 0
927 1898496 1
928 1900544 1
929 1902592 1
930 1904640 1
931 1906688 1
932 1908736 1
933 1910784 1
934 1912832 1
935 1914880 1
936 1916928 1
937 1918976 1
938 1921024 1
939 1923072 1
940 1925120 1
941 1927168 1
942 1929216 1
943 1931264 1
944 1933312 1
945 1935360 1
946 1937408 1
947 1939456 1
948 1941504 1
949 1943552 1
950 1945600 1
951 1947648 1
952 1949696 1
953 1951744 1
954 1953792 1
955 1955840 1
956 1957888 1
957 1959936 1
958 1961984 1
959 1964032 1
960 1966080 1
961 1968128 1
962 1970176 1
963 1972224 1
964 1974272 1
965 1976320 1
966 1978368 1
967 1980416 1
968 1982464 1
969 1984512 1
970 1986560 1
971 1988608 1
972 1990656 1
973 1992704 1
974 1994752 1
975 1996800 1
976 1998848 1
977 2000896 1
978 2002944 1
979 2004992 1
980 2007040 1
981 2009088 1
982 2011136 1
983 2013184 1
984 2015232 1
985 2017280 1
986 2019328 1
987 2021376 1
988 2023424 1
989 2025472 1
990 2027520 1
991 2029568 1
992 2031616 1
993 2033664 1
994 2035712 1
995 2037760 1
996 2039808 1
997 2041856 1
998 2043904 1
999 2045952 1
1000 2048000 1
1001 2050048 1
1002 2052096 1
1003 2054144 1
1004 2056192 1
1005 2058240 1
1006 2060288 1
1007 2062336 1
1008 2064384 1
1009 2066432 1
1010 2068480 1
1011 2070528 1
1012 2072576 1
1013 2074624 1
1014 2076672 1
1015 2078720 1
1016 2080768 1
1017 2082816 1
1018 2084864 1
1019 2086912 1
1020 2088960 1
1021 2091008 1
1022 2093056 1
1023 2095104 1
1024 2097152 1
1025 2099200 1
1026 2101248 1
1027 2103296 1
1028 2105344 1
1029 2107392 1
1030 2109440 1
1031 2111488 1
1032 2113536 1
1033 2115584 1
1034 2117632 1
1035 2119680 1
1036 2121728 1
1037 2123776 1
1038 2125824 1
1039 2127872 1
1040 2129920 1
1041 2131968 1
1042 2134016 1
1043 2136064 1
1044 2138112 1
1045 2140160 1
1046 2142208 1
1047 2144256 1
1048 2146304 1
1049 2148352 1
1050 2150400 1
1051 2152448 1
1052 2154496 1
1053 2156544 1
1054 2158592 1
1055 2160640 1
1056 2162688 1
1057 2164736 1
1058 2166784 1
1059 2168832 1
1060 2170880 1
1061 2172928 1
1062 2174976 1
1063 2177024 1
1064 2179072 1
1065 2181120 1
1066 2183168 1
1067 2185216 1
1068 2187264 1
1069 2189312 1
1070 2191360 1
1071 2193408 1
1072 2195456 1
1073 2197504 1
1074 2199552 1
1075 2201600 1
1076 2203648 1
1077 2205696 1
1078 2207744 1
1079 2209792 1
1080 2211840 1
1081 2213888 1
1082 2215936 1
1083 2217984 1
1084 2220032 1
1085 2222080 1
1086 2224128 1
1087 2226176 1
1088 2228224 1
1089 2230272 1
1090 2232320 1
1091 2234368 1
1092 2236416 1
1093 2238464 1
1094 2240512 1
1095 2242560 1
1096 2244608 1
1097 2246656 1
1098 2248704 1
1099 2250752 1
1100 2252800 1
1101 2254848 1
1102 2256896 1
1103 2258944 1
1104 2260992 1
1105 2263040 1
1106 2265088 1
1107 2267136 1
1108 2269184 1
1109 2271232 1
1110 2273280 1
1111 2275328 1
1112 2277376 1
1113 2279424 1
1114 2281472 1
1115 2283520 1
1116 2285568 1
1117 2287616 1
1118 2289664 1
1119 2291712 1
1120 2293760 1
1121 2295808 1
1122 2297856 1
1123 2299904 1
1124 2301952 1
1125 2304000 1
1126 2306048 1
1127 2308096 1
1128 2310144 1
1129 2312192 1
1130 2314240 1
1131 2316288 1
1132 2318336 1
1133 2320384 1
1134 2322432 1
1135 2324480 1
1136 2326528 1
1137 2328576 1
1138 2330624 1
1139 2332672 1
1140 2334720 1
1141 2336768 1
1142 2338816 1
1143 2340864 1
1144 2342912 1
1145 2344960 1
1146 2347008 1
1147 2349056 1
1148 2351104 1
1149 2353152 1
1150 2355200 1
1151 2357248 1
1152 2359296 1
1153 2361344 1
1154 2363392 1
1155 2365440 1
1156 2367488 1
1157 2369536 1
1158 2371584 1
1159 2373632 1
1160 2375680 1
1161 2377728 1
1162 2379776 1
1163 2381824 1
1164 2383872 1
1165 2385920 1
1166 2387968 1
1167 2390016 1
1168 2392064 1
1169 2394112 1
1170 2396160 1
1171 2398208 1
1172 2400256 1
1173 2402304 1
1174 2404352 1
1175 2406400 1
1176 2408448 1
1177 2410496 1
1178 2412544 1
1179 2414592 1
1180 2416640 1
1181 2418688 1
1182 2420736 1
1183 2422784 1
1184 2424832 1
1185 2426880 1
1186 2428928 1
1187 2430976 1
1188 2433024 1
1189 2435072 1
1190 2437120 1
1191 2439168 1
1192 2441216 1
1193 2443264 1
1194 2445312 1
1195 2447360 1
1196 2449408 1
1197 2451456 1
1198 2453504 1
1199 2455552 1
1200 2457600 1
1201 2459648 1
1202 2461696 1
1203 2463744 1
1204 2465792 1
1205 2467840 1
1206 2469888 1
1207 2471936 1
1208 2473984 1
1209 2476032 1
1210 2478080 1
1211 2480128 1
1212 2482176 1
1213 2484224 1
1214 2486272 1
1215 2488320 1
1216 2490368 1
1217 2492416 1
1218 2494464 1
1219 2496512 1
1220 2498560 1
1221 2500608 1
1222 2502656 1
1223 2504704 1
1224 2506752 1
1225 2508800 1
1226 2510848 1
1227 2512896 1
1228 2514944 1
1229 2516992 1
1230 2519040 1
1231 2521088 1
1232 2523136 1
1233 2525184 1
1234 2527232 1
1235 2529280 1
1236 2531328 1
1237 2533376 1
1238 2535424 1
1239 2537472 1
1240 2539520 1
1241 2541568 1
1242 2543616 1
1243 2545664 1
1244 2547712 1
1245 2549760 1
1246 2551808 1
1247 2553856 1
1248 2555904 1
1249 2557952 1
1250 2560000 1
1251 2562048 1
1252 2564096 1
1253 2566144 1
1254 2568192 1
1255 2570240 1
1256 2572288 1
1257 2574336 1
1258 2576384 1
1259 2578432 1
1260 2580480 1
1261 2582528 1
1262 2584576 1
1263 2586624 1
1264 2588672 1
1265 2590720 1
1266 2592768 1
1267 2594816 1
1268 2596864 1
1269 2598912 1
1270 2600960 1
1271 2603008 1
1272 2605056 1
1273 2607104 1
1274 2609152 1
1275 2611200 1
1276 2613248 1
1277 2615296 1
1278 2617344 1
1279 2619392 1
1280 2621440 1
1281 2623488 1
1282 2625536 1
1283 2627584 1
1284 2629632 1
1285 2631680 1
1286 2633728 1
1287 2635776 1
1288 2637824 1
1289 2639872 1
1290 2641920 1
1291 2643968 1
1292 2646016 1
1293 2648064 1
1294 2650112 1
1295 2652160 1
1296 2654208 1
1297 2656256 1
1298 2658304 1
1299 2660352 1
1300 2662400 1
1301 2664448 1
1302 2666496 1
1303 2668544 1
1304 2670592 1
1305 2672640 1
1306 2674688 1
1307 2676736 1
1308 2678784 1
1309 2680832 1
1310 2682880 1
1311 2684928 1
1312 2686976 1
1313 2689024 1
1314 2691072 1
1315 2693120 1
1316 2695168 1
1317 2697216 1
1318 2699264 1
1319 2701312 1
1320 2703360 1
1321 2705408 1
1322 2707456 1
1323 2709504 1
1324 2711552 1
1325 2713600 1
1326 2715648 1
1327 2717696 1
1328 2719744 1
1329 2721792 1
1330 2723840 1
1331 2725888 1
1332 2727936 1
1333 2729984 1
1334 2732032 1
1335 2734080 1
1336 2736128 1
1337 2738176 1
1338 2740224 1
1339 2742272 1
1340 2744320 1
1341 2746368 1
1342 2748416 1
1343 2750464 1
1344 2752512 1
1345 2754560 1
1346 2756608 1
1347 2758656 1
1348 2760704 1
1349 2762752 1
1350 2764800 1
1351 2766848 1
1352 2768896 1
1353 2770944 1
1354 2772992 1
1355 2775040 1
1356 2777088 1
1357 2779136 1
1358 2781184 1
1359 2783232 1
1360 2785280 1
1361 2787328 1
1362 2789376 1
1363 2791424 1
1364 2793472 1
1365 2795520 1
1366 2797568 1
1367 2799616 1
1368 2801664 1
1369 2803712 1
1370 2805760 1
1371 2807808 1
1372 2809856 1
1373 2811904 1
1374 2813952 1
1375 2816000 1
1376 2818048 1
1377 2820096 1
1378 2822144 1
1379 2824192 1
1380 2826240 1
1381 2828288 1
1382 2830336 1
1383 2832384 1
1384 2834432 1
1385 2836480 1
1386 2838528 1
1387 2840576 1
1388 2842624 1
1389 2844672 1
1390 2846720 1
1391 2848768 1
1392 2850816 1
1393 2852864 1
1394 2854912 1
1395 2856960 1
1396 2859008 1
1397 2861056 1
1398 2863104 1
1399 2865152 1
1400 2867200 1
1401 2869248 1
1402 2871296 1
1403 2873344 1
1404 2875392 1
1405 2877440 1
1406 2879488 1
1407 2881536 1
1408 2883584 1
1409 2885632 1
1410 2887680 1
1411 2889728 1
1412 2891776 1
1413 2893824 1
1414 2895872 1
1415 2897920 1
1416 2899968 1
1417 2902016 1
1418 2904064 1
1419 2906112 1
1420 2908160 1
1421 2910208 1
1422 2912256 1
1423 2914304 1
1424 2916352 1
1425 2918400 1
1426 2920448 1
1427 2922496 1
1428 2924544 1
1429 2926592 1
1430 2928640 1
1431 2930688 1
1432 2932736 1
1433 2934784 1
1434 2936832 1
1435 2938880 1
1436 2940928 1
1437 2942976 1
1438 2945024 1
1439 2947072 1
1440 2949120 1
1441 2951168 1
1442 2953216 1
1443 2955264 1
1444 2957312 1
1445 2959360 1
1446 2961408 1
1447 2963456 1
1448 2965504 1
1449 2967552 1
1450 2969600 1
1451 2971648 1
1452 2973696 1
1453 2975744 1
1454 2977792 1
1455 2979840 1
1456 2981888 1
1457 2983936 1
1458 2985984 1
1459 2988032 1
1460 2990080 1
1461 2992128 1
1462 2994176 1
1463 2996224 1
1464 2998272 1
1465 3000320 1
1466 3002368 1
1467 3004416 1
1468 3006464 1
1469 3008512 1
1470 3010560 1
1471 3012608 1
1472 3014656 1
1473 3016704 1
1474 3018752 1
1475 3020800 1
1476 3022848 1
1477 3024896 1
1478 3026944 1
1479 3028992 1
1480 3031040 1
1481 3033088 1
1482 3035136 1
1483 3037184 1
1484 3039232 1
1485 3041280 1
1486 3043328 1
1487 3045376 1
1488 3047424 1
1489 3049472 1
1490 3051520 1
1491 3053568 1
1492 3055616 1
1493 3057664 1
1494 3059712 1
1495 3061760 1
1496 3063808 1
1497 3065856 1
1498 3067904 1
1499 3069952 1
1500 3072000 1
1501 3074048 1
1502 3076096 1
1503 3078144 1
1504 3080192 1
1505 3082240 1
1506 3084288 1
1507 3086336 1
1508 3088384 1
1509 3090432 1
1510 3092480 1
1511 3094528 1
1512 3096576 1
1513 3098624 1
1514 3100672 1
1515 3102720 1
1516 3104768 1
1517 3106816 1
1518 3108864 1
1519 3110912 1
1520 3112960 1
1521 3115008 1
1522 3117056 1
1523 3119104 1
1524 3121152 1
1525 3123200 1
1526 3125248 1
1527 3127296 1
1528 3129344 1
1529 3131392 1
1530 3133440 1
1531 3135488 1
1532 3137536 1
1533 3139584 1
1534 3141632 1
1535 3143680 1
1536 3145728 1
1537 3147776 1
1538 3149824 1
1539 3151872 1
1540 3153920 1
1541 3155968 1
1542 3158016 1
1543 3160064 1
1544 3162112 1
1545 3164160 1
1546 3166208 1
1547 3168256 1
1548 3170304 1
1549 3172352 1
1550 3174400 1
1551 3176448 1
1552 3178496 1
1553 3180544 1
1554 3182592 1
1555 3184640 1
1556 3186688 1
1557 3188736 1
1558 3190784 1
1559 3192832 1
1560 3194880 1
1561 3196928 1
1562 3198976 1
1563 3201024 1
1564 3203072 1
1565 3205120 1
1566 3207168 1
1567 3209216 1
1568 3211264 1
1569 3213312 1
1570 3215360 1
1571 3217408 1
1572 3219456 1
1573 3221504 1
1574 3223552 1
1575 3225600 1
1576 3227648 1
1577 3229696 1
1578 3231744 1
1579 3233792 1
1580 3235840 1
1581 3237888 1
1582 3239936 1
1583 3241984 1
1584 3244032 1
1585 3246080 1
1586 3248128 1
1587 3250176 1
1588 3252224 1
1589 3254272 1
1590 3256320 1
1591 3258368 1
1592 3260416 1
1593 3262464 1
1594 3264512 1
1595 3266560 1
1596 3268608 1
1597 3270656 1
1598 3272704 1
1599 3274752 1
1600 3276800 1
1601 3278848 1
1602 3280896 1
1603 3282944 1
1604 3284992 1
1605 3287040 1
1606 3289088 1
1607 3291136 1
1608 3293184 1
1609 3295232 1
1610 3297280 1
1611 3299328 1
1612 3301376 1
1613 3303424 1
1614 3305472 1
1615 3307520 1
1616 3309568 1
1617 3311616 1
1618 3313664 1
1619 3315712 1
1620 3317760 1
1621 3319808 1
1622 3321856 1
1623 3323904 1
1624 3325952 1
1625 3328000 1
1626 3330048 1
1627 3332096 1
1628 3334144 1
1629 3336192 1
1630 3338240 1
1631 3340288 1
1632 3342336 1
1633 3344384 1
1634 3346432 1
1635 3348480 1
1636 3350528 1
1637 3352576 1
1638 3354624 1
1639 3356672 1
1640 3358720 1
1641 3360768 1
1642 3362816 1
1643 3364864 1
1644 3366912 1
1645 3368960 1
1646 3371008 1
1647 3373056 1
1648 3375104 1
1649 3377152 1
1650 3379200 1
1651 3381248 1
1652 3383296 1
1653 3385344 1
1654 3387392 1
1655 3389440 1
1656 3391488 1
1657 3393536 1
1658 3395584 1
1659 3397632 1
1660 3399680 1
1661 3401728 1
1662 3403776 1
1663 3405824 1
1664 3407872 1
1665 3409920 1
1666 3411968 1
1667 3414016 1
1668 3416064 1
1669 3418112 1
1670 3420160 1
1671 3422208 1
1672 3424256 1
1673 3426304 1
1674 3428352 1
1675 3430400 1
1676 3432448 1
1677 3434496 1
1678 3436544 1
1679 3438592 1
1680 3440640 1
1681 3442688 1
1682 3444736 1
1683 3446784 1
1684 3448832 1
1685 3450880 1
1686 3452928 1
1687 3454976 1
1688 3457024 1
1689 3459072 1
1690 3461120 1
1691 3463168 1
1692 3465216 1
1693 3467264 1
1694 3469312 1
1695 3471360 1
1696 3473408 1
1697 3475456 1
1698 3477504 1
1699 3479552 1
1700 3481600 1
1701 3483648 1
1702 3485696 1
1703 3487744 1
1704 3489792 1
1705 3491840 1
1706 3493888 1
1707 3495936 1
1708 3497984 1
1709 3500032 1
1710 3502080 1
1711 3504128 1
1712 3506176 1
1713 3508224 1
1714 3510272 1
1715 3512320 1
1716 3514368 1
1717 3516416 1
1718 3518464 1
1719 3520512 1
1720 3522560 1
1721 3524608 1
1722 3526656 1
1723 3528704 1
1724 3530752 1
1725 3532800 1
1726 3534848 1
1727 3536896 1
1728 3538944 1
1729 3540992 1
1730 3543040 1
1731 3545088 1
1732 3547136 1
1733 3549184 1
1734 3551232 1
1735 3553280 1
1736 3555328 1
1737 3557376 1
1738 3559424 1
1739 3561472 1
1740 3563520 1
1741 3565568 1
1742 3567616 1
1743 3569664 1
1744 3571712 1
1745 3573760 1
1746 3575808 1
1747 3577856 1
1748 3579904 1
1749 3581952 1
1750 3584000 1
1751 3586048 1
1752 3588096 1
1753 3590144 1
1754 3592192 1
1755 3594240 1
1756 3596288 1
1757 3598336 1
1758 3600384 1
1759 3602432 1
1760 3604480 1
1761 3606528 1
1762 3608576 1
1763 3610624 1
1764 3612672 1
1765 3614720 1
1766 3616768 1
1767 3618816 1
1768 3620864 1
1769 3622912 1
1770 3624960 1
1771 3627008 1
1772 3629056 1
1773 3631104 1
1774 3633152 1
1775 3635200 1
1776 3637248 1
1777 3639296 1
1778 3641344 1
1779 3643392 1
1780 3645440 1
1781 3647488 1
1782 3649536 1
1783 3651584 1
1784 3653632 1
1785 3655680 1
1786 3657728 1
1787 3659776 1
1788 3661824 1
1789 3663872 1
1790 3665920 1
1791 3667968 1
1792 3670016 1
1793 3672064 1
1794 3674112 1
1795 3676160 1
1796 3678208 1
1797 3680256 1
1798 3682304 1
1799 3684352 1
1800 3686400 1
1801 3688448 1
1802 3690496 1
1803 3692544 1
1804 3694592 1
1805 3696640 1
1806 3698688 1
1807 3700736 1
1808 3702784 1
1809 3704832 1
1810 3706880 1
1811 3708928 1
1812 3710976 1
1813 3713024 1
1814 3715072 1
1815 3717120 1
1816 3719168 1
1817 3721216 1
1818 3723264 1
1819 3725312 1
1820 3727360 1
1821 3729408 1
1822 3731456 1
1823 3733504 1
1824 3735552 1
1825 3737600 1
1826 3739648 1
1827 3741696 1
1828 3743744 1
1829 3745792 1
1830 3747840 1
1831 3749888 1
1832 3751936 1
1833 3753984 1
1834 3756032 1
1835 3758080 1
1836 3760128 1
1837 3762176 1
1838 3764224 1
1839 3766272 1
1840 3768320 1
1841 3770368 1
1842 3772416 1
1843 3774464 1
1844 3776512 1
1845 3778560 1
1846 3780608 1
1847 3782656 1
1848 3784704 1
1849 3786752 1
1850 3788800 1
1851 3790848 1
1852 3792896 1
1853 3794944 1
1854 3796992 1
1855 3799040 1
1856 3801088 1
1857 3803136 1
1858 3805184 1
1859 3807232 1
1860 3809280 1
1861 3811328 1
1862 3813376 1
1863 3815424 1
1864 3817472 1
1865 3819520 1
1866 3821568 1
1867 3823616 1
1868 3825664 1
1869 3827712 1
1870 3829760 1
1871 3831808 1
1872 3833856 1
1873 3835904 1
1874 3837952 1
1875 3840000 1
1876 3842048 1
1877 3844096 1
1878 3846144 1
1879 3848192 1
1880 3850240 1
1881 3852288 1
1882 3854336 1
1883 3856384 1
1884 3858432 1
1885 3860480 1
1886 3862528 1
1887 3864576 1
1888 3866624 1
1889 3868672 1
1890 3870720 1
1891 3872768 1
1892 3874816 1
1893 3876864 1
1894 3878912 1
1895 3880960 1
1896 3883008 1
1897 3885056 1
1898 3887104 1
1899 3889152 1
1900 3891200 1
1901 3893248 1
1902 3895296 1
1903 3897344 1
1904 3899392 1
1905 3901440 1
1906 3903488 1
1907 3905536 1
1908 3907584 1
1909 3909632 1
1910 3911680 1
1911 3913728 1
1912 3915776 1
1913 3917824 1
1914 3919872 1
1915 3921920 1
1916 3923968 1
1917 3926016 1
1918 3928064 1
1919 3930112 1
1920 3932160 1
1921 3934208 1
1922 3936256 1
1923 3938304 1
1924 3940352 1
1925 3942400 1
1926 3944448 1
1927 3946496 1
1928 3948544 1
1929 3950592 1
1930 3952640 1
1931 3954688 1
1932 3956736 1
1933 3958784 1
1934 3960832 1
1935 3962880 1
1936 3964928 1
1937 3966976 1
1938 3969024 1
1939 3971072 1
1940 3973120 1
1941 3975168 1
1942 3977216 1
1943 3979264 1
1944 3981312 0
1945 3983360 1
1946 3985408 1
1947 3987456 1
1948 3989504 1
1949 3991552 1
1950 3993600 1
1951 3995648 1
1952 3997696 1
1953 3999744 1
1954 4001792 1
1955 4003840 1
1956 4005888 1
1957 4007936 1
1958 4009984 1
1959 4012032 1
1960 4014080 1
1961 4016128 1
1962 4018176 1
1963 4020224 1
1964 4022272 1
1965 4024320 1
1966 4026368 1
1967 4028416 1
1968 4030464 1
1969 4032512 1
1970 4034560 1
1971 4036608 1
1972 4038656 1
1973 4040704 1
1974 4042752 1
1975 4044800 1
1976 4046848 1
1977 4048896 1
1978 4050944 1
1979 4052992 1
1980 4055040 1
1981 4057088 1
1982 4059136 1
1983 4061184 1
1984 4063232 1
1985 4065280 1
1986 4067328 1
1987 4069376 1
1988 4071424 1
1989 4073472 1
1990 4075520 1
1991 4077568 1
1992 4079616 1
1993 4081664 1
1994 4083712 1
1995 4085760 1
1996 4087808 1
1997 4089856 1
1998 4091904 1
1999 4093952 1
2000 4096000 1
2001 4098048 1
2002 4100096 1
2003 4102144 1
2004 4104192 1
2005 4106240 1
2006 4108288 1
2007 4110336 1
2008 4112384 1
2009 4114432 1
2010 4116480 1
2011 4118528 1
2012 4120576 1
2013 4122624 1
2014 4124672 1
2015 4126720 1
2016 4128768 1
2017 4130816 1
2018 4132864 1
2019 4134912 1
2020 4136960 1
2021 4139008 1
2022 4141056 1
2023 4143104 1
2024 4145152 1
2025 4147200 1
2026 4149248 1
2027 4151296 1
2028 4153344 1
2029 4155392 1
2030 4157440 1
2031 4159488 1
2032 4161536 1
2033 4163584 1
2034 4165632 1
2035 4167680 1
2036 4169728 1
2037 4171776 1
2038 4173824 1
2039 4175872 1
2040 4177920 1
2041 4179968 1
2042 4182016 1
2043 4184064 1
2044 4186112 1
2045 4188160 1
2046 4190208 1
2047 4192256 1
2048 4194304 1
2049 4196352 1
2050 4198400 1
2051 4200448 1
2052 4202496 1
2053 4204544 1
2054 4206592 1
2055 4208640 1
2056 4210688 1
2057 4212736 1
2058 4214784 1
2059 4216832 1
2060 4218880 1
2061 4220928 1
2062 4222976 1
2063 4225024 1
2064 4227072 1
2065 4229120 1
2066 4231168 1
2067 4233216 1
2068 4235264 1
2069 4237312 1
2070 4239360 1
2071 4241408 1
2072 4243456 1
2073 4245504 1
2074 4247552 1
2075 4249600 1
2076 4251648 1
2077 4253696 1
2078 4255744 1
2079 4257792 1
2080 4259840 1
2081 4261888 1
2082 4263936 1
2083 4265984 1
2084 4268032 1
2085 4270080 1
2086 4272128 1
2087 4274176 1
2088 4276224 1
2089 4278272 1
2090 4280320 1
2091 4282368 1
2092 4284416 1
2093 4286464 1
2094 4288512 1
2095 4290560 1
2096 4292608 1
2097 4294656 1
2098 4296704 1
2099 4298752 1
2100 4300800 1
2101 4302848 1
2102 4304896 1
2103 4306944 1
2104 4308992 1
2105 4311040 1
2106 4313088 1
2107 4315136 1
2108 4317184 1
2109 4319232 1
2110 4321280 1
2111 4323328 1
2112 4325376 1
2113 4327424 1
2114 4329472 1
2115 4331520 1
2116 4333568 1
2117 4335616 1
2118 4337664 1
2119 4339712 1
2120 4341760 1
2121 4343808 1
2122 4345856 1
2123 4347904 1
2124 4349952 1
2125 4352000 1
2126 4354048 1
2127 4356096 1
2128 4358144 1
2129 4360192 1
2130 4362240 1
2131 4364288 1
2132 4366336 1
2133 4368384 1
2134 4370432 1
2135 4372480 1
2136 4374528 1
2137 4376576 1
2138 4378624 1
2139 4380672 1
2140 4382720 1
2141 4384768 1
2142 4386816 1
2143 4388864 1
2144 4390912 1
2145 4392960 1
2146 4395008 1
2147 4397056 1
2148 4399104 1
2149 4401152 1
2150 4403200 1
2151 4405248 1
2152 4407296 1
2153 4409344 1
2154 4411392 1
2155 4413440 1
2156 4415488 1
2157 4417536 1
2158 4419584 1
2159 4421632 1
2160 4423680 1
2161 4425728 1
2162 4427776 1
2163 4429824 1
2164 4431872 1
2165 4433920 1
2166 4435968 1
2167 4438016 1
2168 4440064 1
2169 4442112 1
2170 4444160 1
2171 4446208 1
2172 4448256 1
2173 4450304 1
2174 4452352 1
2175 4454400 1
2176 4456448 1
2177 4458496 1
2178 4460544 1
2179 4462592 1
2180 4464640 1
2181 4466688 1
2182 4468736 1
2183 4470784 1
2184 4472832 1
2185 4474880 1
2186 4476928 1
2187 4478976 0
2188 4481024 0
2189 4483072 1
2190 4485120 1
2191 4487168 1
2192 4489216 1
2193 4491264 1
2194 4493312 1
2195 4495360 1
2196 4497408 1
2197 4499456 1
2198 4501504 1
2199 4503552 1
2200 4505600 1
2201 4507648 1
2202 4509696 1
2203 4511744 1
2204 4513792 1
2205 4515840 1
2206 4517888 1
2207 4519936 1
2208 4521984 1
2209 4524032 1
2210 4526080 1
2211 4528128 1
2212 4530176 1
2213 4532224 1
2214 4534272 1
2215 4536320 1
2216 4538368 1
2217 4540416 1
2218 4542464 1
2219 4544512 1
2220 4546560 1
2221 4548608 1
2222 4550656 1
2223 4552704 1
2224 4554752 1
2225 4556800 1
2226 4558848 1
2227 4560896 1
2228 4562944 1
2229 4564992 1
2230 4567040 1
2231 4569088 1
2232 4571136 1
2233 4573184 1
2234 4575232 1
2235 4577280 1
2236 4579328 1
2237 4581376 1
2238 4583424 1
2239 4585472 1
2240 4587520 1
2241 4589568 1
2242 4591616 1
2243 4593664 1
2244 4595712 1
2245 4597760 1
2246 4599808 1
2247 4601856 1
2248 4603904 1
2249 4605952 1
2250 4608000 1
2251 4610048 1
2252 4612096 1
2253 4614144 1
2254 4616192 1
2255 4618240 1
2256 4620288 1
2257 4622336 1
2258 4624384 1
2259 4626432 1
2260 4628480 1
2261 4630528 1
2262 4632576 1
2263 4634624 1
2264 4636672 1
2265 4638720 1
2266 4640768 1
2267 4642816 1
2268 4644864 1
2269 4646912 1
2270 4648960 1
2271 4651008 1
2272 4653056 1
2273 4655104 1
2274 4657152 1
2275 4659200 1
2276 4661248 1
2277 4663296 1
2278 4665344 1
2279 4667392 1
2280 4669440 1
2281 4671488 1
2282 4673536 1
2283 4675584 1
2284 4677632 1
2285 4679680 1
2286 4681728 1
2287 4683776 1
2288 4685824 1
2289 4687872 1
229