
=== FRAME 232 (FC=187) ===
OperMode=1 FC=187 X=51 Y=155 Page=0 Speed=15 State=1

Zero Page ($00-$FF):
$00: 00 03 BB 02 00 33 20 00 05 BB 00 00 00 00 08 00 
$10: 00 00 00 00 00 00 00 00 00 00 00 00 00 01 00 00 
$20: 00 00 00 00 00 00 00 00 00 00 00 00 00 00 00 00 
$30: 00 00 00 02 00 00 00 00 00 00 00 00 00 00 00 00 
$40: 00 00 00 00 00 01 00 00 00 00 00 00 00 00 00 00 
$50: 00 00 00 00 00 00 00 0F 00 00 00 00 00 00 00 00 
$60: 00 00 00 00 00 00 00 00 00 00 00 00 00 00 01 01 
$70: 01 01 01 00 00 00 00 00 00 00 00 00 00 00 00 00 
$80: 00 00 00 00 00 00 33 60 60 60 60 60 00 00 00 00 
$90: 00 00 00 00 00 00 00 00 00 00 00 00 00 00 00 02 
$A0: 00 00 00 00 00 00 00 00 00 00 00 00 00 00 00 00 
$B0: 00 00 00 00 00 01 01 00 00 00 00 00 00 00 00 00 
$C0: 00 00 00 00 00 00 00 00 00 00 00 00 00 00 9B E0 
$D0: 00 00 00 00 00 00 00 00 00 00 00 00 00 00 00 00 
$E0: 00 00 00 00 00 00 00 90 A6 01 9F 13 00 00 00 00 
$F0: 18 80 00 00 01 F9 FA 05 10 1A 00 00 00 00 00 00 

Page $0100-$01FF:
$0100: 00 00 00 00 00 00 00 00 00 00 00 00 00 00 00 00 
$0110: 00 00 00 00 00 00 00 00 00 00 00 00 00 00 00 00 
$0120: 00 00 00 00 00 00 00 00 00 00 00 00 00 00 00 00 
$0130: 00 00 00 00 00 00 00 00 00 00 00 00 00 00 00 00 
$0140: 00 00 00 00 00 00 00 00 00 00 00 00 00 00 00 00 
$0150: 00 00 00 00 00 00 00 00 00 00 00 00 00 00 00 00 
$0160: 00 00 00 00 FF FF FF FF 00 00 00 00 FF FF FF FF 
$0170: 00 00 00 00 FF FF FF FF 00 00 00 00 FF FF FF FF 
$0180: 00 00 00 00 FF FF FF FF 00 00 00 00 FF FF FF FF 
$0190: 00 00 00 00 FF FF FF FF 00 00 00 00 FF FF FF FF 
$01A0: 00 00 00 00 FF FF FF FF 00 00 00 00 FF FF FF FF 
$01B0: 00 00 00 00 FF FF FF FF 00 00 00 00 FF FF FF FF 
$01C0: 00 00 00 00 FF FF FF FF 00 00 00 00 FF FF FF FF 
$01D0: 00 00 00 00 FF FF FF FF 00 00 00 00 FF FF FF FF 
$01E0: 00 00 00 00 FF FF FF FF 00 00 00 00 FF AE 9B 03 
$01F0: 04 1D F2 5F E6 EF 4F B3 00 9B 8F EF 80 A5 57 80 

Page $0200-$02FF:
$0200: 18 FF 23 58 9B FC 40 33 9B FC 40 3B A3 FC 40 33 
$0210: A3 FC 40 3B AB 41 40 33 AB 32 40 3B B3 43 40 33 
$0220: B3 42 40 3B F8 00 00 00 F8 00 00 00 F8 00 00 00 
$0230: F8 00 00 00 F8 00 00 00 F8 00 00 00 F8 00 00 00 
$0240: F8 00 00 00 F8 00 00 00 F8 00 00 00 F8 00 00 00 
$0250: F8 00 00 00 F8 00 00 00 F8 00 00 00 F8 00 00 00 
$0260: F8 00 00 00 F8 00 00 00 F8 00 00 00 F8 00 00 00 
$0270: F8 00 00 00 F8 00 00 00 F8 00 00 00 F8 00 00 00 
$0280: F8 00 00 00 F8 00 00 00 F8 00 00 00 F8 00 00 00 
$0290: F8 00 00 00 F8 00 00 00 F8 00 00 00 F8 00 00 00 
$02A0: F8 00 00 00 F8 00 00 00 F8 00 00 00 F8 00 00 00 
$02B0: F8 00 00 00 F8 00 00 00 F8 00 00 00 F8 00 00 00 
$02C0: F8 00 00 00 F8 00 00 00 F8 00 00 00 F8 00 00 00 
$02D0: F8 00 00 00 F8 00 00 00 F8 00 00 00 F8 00 00 00 
$02E0: F8 00 00 00 F8 00 00 00 F8 00 00 00 F8 00 00 00 
$02F0: F8 00 00 00 F8 00 00 00 F8 00 00 00 F8 00 00 00 

Page $0300-$03FF:
$0300: 00 00 0C 04 0F 17 17 0F 00 00 00 00 00 00 00 00 
$0310: 00 00 00 00 00 00 00 00 00 00 00 00 00 00 00 00 
$0320: 00 00 00 00 00 00 00 00 00 00 00 00 00 00 00 00 
$0330: 00 00 00 00 00 00 00 00 00 00 00 00 00 00 00 00 
$0340: 00 00 00 00 00 00 00 00 00 00 00 00 00 00 00 00 
$0350: 00 00 00 00 00 00 00 00 00 00 00 00 00 00 00 00 
$0360: 00 00 00 00 00 00 00 00 00 00 00 00 00 00 00 00 
$0370: 00 00 00 00 00 00 00 00 00 00 00 00 00 00 00 00 
$0380: 00 00 00 00 00 00 00 00 00 00 00 00 00 00 00 00 
$0390: 00 00 00 00 00 00 00 00 00 00 00 00 00 00 00 00 
$03A0: FF 00 00 00 00 00 00 00 00 00 00 00 00 33 00 00 
$03B0: 00 00 00 00 00 00 00 00 9B 00 00 00 00 00 00 00 
$03C0: 00 00 00 00 00 00 00 00 00 00 00 00 00 00 00 00 
$03D0: 00 00 00 00 00 00 00 00 00 00 00 00 00 00 00 00 
$03E0: 00 00 00 00 00 00 00 00 00 00 00 00 00 00 00 00 
$03F0: 00 00 00 00 00 00 00 00 00 00 00 00 00 00 00 00 

Page $0400-$04FF:
$0400: A0 00 00 00 00 00 00 00 00 00 00 00 00 00 00 00 
$0410: 00 00 00 00 00 00 70 00 00 00 00 00 00 00 00 00 
$0420: 00 00 00 00 00 00 00 00 00 00 00 00 00 00 00 00 
$0430: 00 00 00 60 00 00 00 00 00 00 00 00 00 00 00 00 
$0440: 00 00 00 00 00 00 00 00 00 00 00 00 00 00 00 00 
$0450: E8 00 00 00 00 00 18 00 00 00 00 00 00 00 00 00 
$0460: 00 00 00 00 00 00 00 00 00 00 00 00 00 00 00 00 
$0470: 00 00 00 00 00 00 00 00 00 00 00 00 00 00 00 00 
$0480: 00 00 00 00 00 00 00 00 00 00 00 00 00 00 00 00 
$0490: FF 00 00 00 00 00 00 00 00 01 00 00 00 00 00 00 
$04A0: 00 00 00 00 00 00 00 00 00 00 00 00 36 AF 40 BB 
$04B0: 00 00 00 00 00 00 00 00 00 00 00 00 00 00 00 00 
$04C0: 00 00 00 00 00 00 00 00 00 00 00 00 00 00 00 00 
$04D0: 00 00 00 00 00 00 00 00 00 00 00 00 00 00 00 00 
$04E0: 00 00 00 00 00 00 00 00 00 00 00 00 00 00 00 00 
$04F0: 00 00 00 00 00 00 00 00 00 00 00 00 00 00 00 00 

Page $0500-$05FF:
$0500: 00 00 00 00 00 00 00 00 00 00 00 00 00 00 00 00 
$0510: 00 00 00 00 00 00 00 00 00 00 00 00 00 00 00 00 
$0520: 00 00 00 00 00 00 00 00 00 00 00 00 00 00 00 00 
$0530: 00 00 00 00 00 00 00 00 00 00 00 00 00 00 00 00 
$0540: 00 00 00 00 00 00 00 00 00 00 00 00 00 00 00 00 
$0550: 00 00 00 00 00 00 00 00 00 00 00 00 00 00 00 00 
$0560: 00 00 00 00 00 00 00 00 00 00 00 00 00 00 00 00 
$0570: 00 00 00 00 00 00 00 00 00 00 00 00 00 00 00 00 
$0580: 00 00 00 00 00 00 00 00 00 00 00 00 00 00 00 00 
$0590: 00 00 00 00 00 00 00 00 00 00 00 00 00 00 00 00 
$05A0: 00 00 00 00 00 00 00 00 00 00 00 00 00 00 00 00 
$05B0: 54 54 54 54 54 54 54 54 54 54 54 54 54 54 54 54 
$05C0: 54 54 54 54 54 54 54 54 54 54 54 54 54 54 54 54 
$05D0: 00 00 00 00 00 00 00 00 00 00 00 00 00 00 00 00 
$05E0: 00 00 00 00 00 00 00 00 00 00 00 00 00 00 00 00 
$05F0: 00 00 00 00 00 00 00 00 00 00 00 00 00 00 00 00 

Page $0600-$06FF:
$0600: 00 00 00 00 00 00 C0 00 00 00 00 00 00 00 00 00 
$0610: 00 00 00 00 00 00 00 00 00 00 00 00 00 00 00 00 
$0620: 00 00 00 00 00 00 00 00 00 00 00 00 00 00 00 00 
$0630: 00 00 00 00 00 00 00 00 00 00 00 00 00 00 00 00 
$0640: C0 00 00 00 51 C1 51 C0 00 00 00 00 00 00 00 00 
$0650: 00 00 00 00 00 00 00 00 00 00 00 00 00 00 00 00 
$0660: 00 00 00 00 00 00 00 00 00 00 00 00 00 00 00 00 
$0670: 00 00 00 00 00 00 00 00 00 00 00 00 00 00 00 00 
$0680: 54 54 54 54 54 54 54 54 00 00 00 00 00 00 00 00 
$0690: 54 54 54 54 54 54 54 54 00 00 00 00 00 00 00 00 
$06A0: 18 00 00 00 00 00 00 00 C0 00 00 02 54 54 00 00 
$06B0: 00 00 00 00 00 00 00 00 00 00 00 00 00 00 00 00 
$06C0: 00 00 00 00 00 00 00 00 00 FF 00 00 00 00 00 00 
$06D0: 00 00 00 00 04 80 00 00 00 00 00 00 00 00 00 00 
$06E0: 01 58 48 38 04 88 A0 B8 D0 E8 28 40 58 68 24 78 
$06F0: 7C 80 84 E8 F0 F8 28 30 38 40 48 50 00 00 00 01 

Page $0700-$07FF:
$0700: 0F 01 30 00 00 70 01 01 B0 70 70 00 07 00 00 00 
$0710: 02 00 00 00 00 01 00 00 00 00 00 00 00 FF FF 00 
$0720: 24 90 01 00 00 01 08 01 00 00 01 00 0A 00 08 02 
$0730: FF FF 00 00 00 00 00 00 00 03 01 00 0C 00 00 00 
$0740: 00 00 02 00 00 00 00 00 00 00 00 00 00 00 01 05 
$0750: C2 00 00 00 01 33 00 00 00 00 02 00 00 01 00 00 
$0760: 00 02 00 00 01 00 00 00 00 00 00 00 00 00 00 00 
$0770: 01 00 03 00 00 00 00 00 10 1E 00 00 00 00 00 0A 
$0780: 00 00 10 00 00 00 00 0F 00 17 00 00 00 00 00 00 
$0790: 00 00 00 00 00 00 00 00 00 00 00 00 00 00 00 00 
$07A0: 05 00 00 00 00 00 00 B0 A7 C6 89 04 16 1E 00 00 
$07B0: 24 00 00 12 0B 00 0B 00 12 0B 0B 18 00 00 00 00 
$07C0: 23 21 00 00 00 00 00 11 00 00 00 00 00 00 00 00 
$07D0: 00 00 00 00 00 00 00 00 00 00 00 00 00 00 00 00 
$07E0: 00 00 00 00 00 00 00 00 00 00 00 00 00 00 00 00 
$07F0: 00 00 00 00 00 00 00 00 03 09 09 00 00 00 00 A5 

=== FRAME 237 (FC=192) ===
OperMode=1 FC=192 X=56 Y=171 Page=0 Speed=15 State=1

Zero Page ($00-$FF):
$00: 02 03 CB 02 00 38 20 00 05 C0 00 00 00 00 08 00 
$10: 00 00 00 00 00 00 00 00 00 00 00 00 00 01 00 00 
$20: 00 00 00 00 00 00 00 00 00 00 00 00 00 00 00 00 
$30: 00 00 00 02 00 00 00 00 00 00 00 00 00 00 00 00 
$40: 00 00 00 00 00 01 00 00 00 00 00 00 00 00 00 00 
$50: 00 00 00 00 00 00 00 0F 00 00 00 00 00 00 00 00 
$60: 00 00 00 00 00 00 00 00 00 00 00 00 00 00 01 01 
$70: 01 01 01 00 00 00 00 00 00 00 00 00 00 00 00 00 
$80: 00 00 00 00 00 00 38 60 60 60 60 60 00 00 00 00 
$90: 00 00 00 00 00 00 00 00 00 00 00 00 00 00 00 04 
$A0: 00 00 00 00 00 00 00 00 00 00 00 00 00 00 00 00 
$B0: 00 00 00 00 00 01 01 00 00 00 00 00 00 00 00 00 
$C0: 00 00 00 00 00 00 00 00 00 00 00 00 00 00 AB E0 
$D0: 00 00 00 00 00 00 00 00 00 00 00 00 00 00 00 00 
$E0: 00 00 00 00 00 00 00 90 A6 01 9F 13 00 00 00 00 
$F0: 18 80 00 00 01 F9 FA 05 10 1A 00 00 00 00 00 00 

Page $0100-$01FF:
$0100: 00 00 00 00 00 00 00 00 00 00 00 00 00 00 00 00 
$0110: 00 00 00 00 00 00 00 00 00 00 00 00 00 00 00 00 
$0120: 00 00 00 00 00 00 00 00 00 00 00 00 00 00 00 00 
$0130: 00 00 00 00 00 00 00 00 00 00 00 00 00 00 00 00 
$0140: 00 00 00 00 00 00 00 00 00 00 00 00 00 00 00 00 
$0150: 00 00 00 00 00 00 00 00 00 00 00 00 00 00 00 00 
$0160: 00 00 00 00 FF FF FF FF 00 00 00 00 FF FF FF FF 
$0170: 00 00 00 00 FF FF FF FF 00 00 00 00 FF FF FF FF 
$0180: 00 00 00 00 FF FF FF FF 00 00 00 00 FF FF FF FF 
$0190: 00 00 00 00 FF FF FF FF 00 00 00 00 FF FF FF FF 
$01A0: 00 00 00 00 FF FF FF FF 00 00 00 00 FF FF FF FF 
$01B0: 00 00 00 00 FF FF FF FF 00 00 00 00 FF FF FF FF 
$01C0: 00 00 00 00 FF FF FF FF 00 00 00 00 FF FF FF FF 
$01D0: 00 00 00 00 FF FF FF FF 00 00 00 00 FF FF FF FF 
$01E0: 00 00 00 00 FF FF FF FF 00 00 00 00 FF AE 9B 04 
$01F0: 04 1D F2 5F E6 EF 4F B3 00 9B 8F EF 80 A5 57 80 

Page $0200-$02FF:
$0200: 18 FF 23 58 AB FC 40 38 AB FC 40 40 B3 FC 40 38 
$0210: B3 FC 40 40 BB 41 40 38 BB 32 40 40 C3 43 40 38 
$0220: C3 42 40 40 F8 00 00 00 F8 00 00 00 F8 00 00 00 
$0230: F8 00 00 00 F8 00 00 00 F8 00 00 00 F8 00 00 00 
$0240: F8 00 00 00 F8 00 00 00 F8 00 00 00 F8 00 00 00 
$0250: F8 00 00 00 F8 00 00 00 F8 00 00 00 F8 00 00 00 
$0260: F8 00 00 00 F8 00 00 00 F8 00 00 00 F8 00 00 00 
$0270: F8 00 00 00 F8 00 00 00 F8 00 00 00 F8 00 00 00 
$0280: F8 00 00 00 F8 00 00 00 F8 00 00 00 F8 00 00 00 
$0290: F8 00 00 00 F8 00 00 00 F8 00 00 00 F8 00 00 00 
$02A0: F8 00 00 00 F8 00 00 00 F8 00 00 00 F8 00 00 00 
$02B0: F8 00 00 00 F8 00 00 00 F8 00 00 00 F8 00 00 00 
$02C0: F8 00 00 00 F8 00 00 00 F8 00 00 00 F8 00 00 00 
$02D0: F8 00 00 00 F8 00 00 00 F8 00 00 00 F8 00 00 00 
$02E0: F8 00 00 00 F8 00 00 00 F8 00 00 00 F8 00 00 00 
$02F0: F8 00 00 00 F8 00 00 00 F8 00 00 00 F8 00 00 00 

Page $0300-$03FF:
$0300: 00 00 0C 04 0F 17 17 0F 00 00 00 00 00 00 00 00 
$0310: 00 00 00 00 00 00 00 00 00 00 00 00 00 00 00 00 
$0320: 00 00 00 00 00 00 00 00 00 00 00 00 00 00 00 00 
$0330: 00 00 00 00 00 00 00 00 00 00 00 00 00 00 00 00 
$0340: 00 00 00 00 00 00 00 00 00 00 00 00 00 00 00 00 
$0350: 00 00 00 00 00 00 00 00 00 00 00 00 00 00 00 00 
$0360: 00 00 00 00 00 00 00 00 00 00 00 00 00 00 00 00 
$0370: 00 00 00 00 00 00 00 00 00 00 00 00 00 00 00 00 
$0380: 00 00 00 00 00 00 00 00 00 00 00 00 00 00 00 00 
$0390: 00 00 00 00 00 00 00 00 00 00 00 00 00 00 00 00 
$03A0: FF 00 00 00 00 00 00 00 00 00 00 00 00 38 00 00 
$03B0: 00 00 00 00 00 00 00 00 AB 00 00 00 00 00 00 00 
$03C0: 00 00 00 00 00 00 00 00 00 00 00 00 00 00 00 00 
$03D0: 00 00 00 00 00 00 00 00 00 00 00 00 00 00 00 00 
$03E0: 00 00 00 00 00 00 00 00 00 00 00 00 00 00 00 00 
$03F0: 00 00 00 00 00 00 00 00 00 00 00 00 00 00 00 00 

Page $0400-$04FF:
$0400: 50 00 00 00 00 00 00 00 00 00 00 00 00 00 00 00 
$0410: 00 00 00 00 00 00 B0 00 00 00 00 00 00 00 00 00 
$0420: 00 00 00 00 00 00 00 00 00 00 00 00 00 00 00 00 
$0430: 00 00 00 00 00 00 00 00 00 00 00 00 00 00 00 00 
$0440: 00 00 00 00 00 00 00 00 00 00 00 00 00 00 00 00 
$0450: E8 00 00 00 00 00 18 00 00 00 00 00 00 00 00 00 
$0460: 00 00 00 00 00 00 00 00 00 00 00 00 00 00 00 00 
$0470: 00 00 00 00 00 00 00 00 00 00 00 00 00 00 00 00 
$0480: 00 00 00 00 00 00 00 00 00 00 00 00 00 00 00 00 
$0490: FF 00 00 00 00 00 00 00 00 01 00 00 00 00 00 00 
$04A0: 00 00 00 00 00 00 00 00 00 00 00 00 3B BF 45 CB 
$04B0: 00 00 00 00 00 00 00 00 00 00 00 00 00 00 00 00 
$04C0: 00 00 00 00 00 00 00 00 00 00 00 00 00 00 00 00 
$04D0: 00 00 00 00 00 00 00 00 00 00 00 00 00 00 00 00 
$04E0: 00 00 00 00 00 00 00 00 00 00 00 00 00 00 00 00 
$04F0: 00 00 00 00 00 00 00 00 00 00 00 00 00 00 00 00 

Page $0500-$05FF:
$0500: 00 00 00 00 00 00 00 00 00 00 00 00 00 00 00 00 
$0510: 00 00 00 00 00 00 00 00 00 00 00 00 00 00 00 00 
$0520: 00 00 00 00 00 00 00 00 00 00 00 00 00 00 00 00 
$0530: 00 00 00 00 00 00 00 00 00 00 00 00 00 00 00 00 
$0540: 00 00 00 00 00 00 00 00 00 00 00 00 00 00 00 00 
$0550: 00 00 00 00 00 00 00 00 00 00 00 00 00 00 00 00 
$0560: 00 00 00 00 00 00 00 00 00 00 00 00 00 00 00 00 
$0570: 00 00 00 00 00 00 00 00 00 00 00 00 00 00 00 00 
$0580: 00 00 00 00 00 00 00 00 00 00 00 00 00 00 00 00 
$0590: 00 00 00 00 00 00 00 00 00 00 00 00 00 00 00 00 
$05A0: 00 00 00 00 00 00 00 00 00 00 00 00 00 00 00 00 
$05B0: 54 54 54 54 54 54 54 54 54 54 54 54 54 54 54 54 
$05C0: 54 54 54 54 54 54 54 54 54 54 54 54 54 54 54 54 
$05D0: 00 00 00 00 00 00 00 00 00 00 00 00 00 00 00 00 
$05E0: 00 00 00 00 00 00 00 00 00 00 00 00 00 00 00 00 
$05F0: 00 00 00 00 00 00 00 00 00 00 00 00 00 00 00 00 

Page $0600-$06FF:
$0600: 00 00 00 00 00 00 C0 00 00 00 00 00 00 00 00 00 
$0610: 00 00 00 00 00 00 00 00 00 00 00 00 00 00 00 00 
$0620: 00 00 00 00 00 00 00 00 00 00 00 00 00 00 00 00 
$0630: 00 00 00 00 00 00 00 00 00 00 00 00 00 00 00 00 
$0640: C0 00 00 00 51 C1 51 C0 00 00 00 00 00 00 00 00 
$0650: 00 00 00 00 00 00 00 00 00 00 00 00 00 00 00 00 
$0660: 00 00 00 00 00 00 00 00 00 00 00 00 00 00 00 00 
$0670: 00 00 00 00 00 00 00 00 00 00 00 00 00 00 00 00 
$0680: 54 54 54 54 54 54 54 54 00 00 00 00 00 00 00 00 
$0690: 54 54 54 54 54 54 54 54 00 00 00 00 00 00 00 00 
$06A0: 18 00 00 00 00 00 00 00 C0 00 00 02 54 54 00 00 
$06B0: 00 00 00 00 00 00 00 00 00 00 00 00 00 00 00 00 
$06C0: 00 00 00 00 00 00 00 00 00 FF 00 00 00 00 00 00 
$06D0: 00 00 00 00 04 80 00 00 00 00 00 00 00 00 00 00 
$06E0: 00 58 48 38 04 30 48 60 78 90 A8 C0 D8 E8 24 F8 
$06F0: FC 28 2C 90 98 A0 A8 B0 B8 C0 C8 D0 00 00 00 01 

Page $0700-$07FF:
$0700: 0F 01 30 00 00 70 01 01 B0 70 70 00 07 00 00 00 
$0710: 02 00 00 00 00 01 00 00 00 00 00 00 00 FF FF 00 
$0720: 24 90 01 00 00 01 08 01 00 00 01 00 0A 00 08 02 
$0730: FF FF 00 00 00 00 00 00 00 03 01 00 0C 00 00 00 
$0740: 00 00 02 00 00 00 00 00 00 00 00 00 00 00 01 05 
$0750: C2 00 00 00 01 38 00 00 00 00 02 00 00 01 00 00 
$0760: 00 02 00 00 01 00 00 00 00 00 00 00 00 00 00 00 
$0770: 01 00 03 00 00 00 00 00 10 1E 00 00 00 00 00 05 
$0780: 00 00 0B 00 00 00 00 0A 00 17 00 00 00 00 00 00 
$0790: 00 00 00 00 00 00 00 00 00 00 00 00 00 00 00 00 
$07A0: 05 00 00 00 00 00 00 5D 85 3E 34 48 20 B0 00 00 
$07B0: 24 00 00 12 06 00 06 00 12 06 06 13 00 00 00 00 
$07C0: 28 21 00 00 00 00 00 11 00 00 00 00 00 00 00 00 
$07D0: 00 00 00 00 00 00 00 00 00 00 00 00 00 00 00 00 
$07E0: 00 00 00 00 00 00 00 00 00 00 00 00 00 00 00 00 
$07F0: 00 00 00 00 00 00 00 00 03 09 09 00 00 00 00 A5 

=== FRAME 245 (FC=200) ===
OperMode=1 FC=200 X=63 Y=153 Page=0 Speed=15 State=1

Zero Page ($00-$FF):
$00: 00 03 B9 02 00 3F 20 00 05 C8 80 00 00 80 08 00 
$10: 00 00 00 00 00 00 00 00 00 00 00 00 00 01 00 00 
$20: 00 00 00 00 00 00 00 00 00 00 00 00 00 00 00 00 
$30: 00 00 00 02 00 00 00 00 00 00 00 00 00 00 00 00 
$40: 00 00 00 00 00 01 00 00 00 00 00 00 00 00 00 00 
$50: 00 00 00 00 00 00 00 0F 00 00 00 00 00 00 00 00 
$60: 00 00 00 00 00 00 00 00 00 00 00 00 00 00 01 01 
$70: 01 01 01 00 00 00 00 00 00 00 00 00 00 00 00 00 
$80: 00 00 00 00 00 00 3F 60 60 60 60 60 00 00 00 00 
$90: 00 00 00 00 00 00 00 00 00 00 00 00 00 00 00 FC 
$A0: 00 00 00 00 00 00 00 00 00 00 00 00 00 00 00 00 
$B0: 00 00 00 00 00 01 01 00 00 00 00 00 00 00 00 00 
$C0: 00 00 00 00 00 00 00 00 00 00 00 00 00 00 99 E0 
$D0: 00 00 00 00 00 00 00 00 00 00 00 00 00 00 00 00 
$E0: 00 00 00 00 00 00 00 90 A6 01 9F 13 00 00 00 00 
$F0: 18 80 00 00 01 F9 FA 07 11 1C 00 00 00 00 00 00 

Page $0100-$01FF:
$0100: 00 00 00 00 00 00 00 00 00 00 00 00 00 00 00 00 
$0110: 00 00 00 00 00 00 00 00 00 00 00 00 00 00 00 00 
$0120: 00 00 00 00 00 00 00 00 00 00 00 00 00 00 00 00 
$0130: 00 00 00 00 00 00 00 00 00 00 00 00 00 00 00 00 
$0140: 00 00 00 00 00 00 00 00 00 00 00 00 00 00 00 00 
$0150: 00 00 00 00 00 00 00 00 00 00 00 00 00 00 00 00 
$0160: 00 00 00 00 FF FF FF FF 00 00 00 00 FF FF FF FF 
$0170: 00 00 00 00 FF FF FF FF 00 00 00 00 FF FF FF FF 
$0180: 00 00 00 00 FF FF FF FF 00 00 00 00 FF FF FF FF 
$0190: 00 00 00 00 FF FF FF FF 00 00 00 00 FF FF FF FF 
$01A0: 00 00 00 00 FF FF FF FF 00 00 00 00 FF FF FF FF 
$01B0: 00 00 00 00 FF FF FF FF 00 00 00 00 FF FF FF FF 
$01C0: 00 00 00 00 FF FF FF FF 00 00 00 00 FF FF FF FF 
$01D0: 00 00 00 00 FF FF FF FF 00 00 00 00 FF FF FF FF 
$01E0: 00 00 00 00 FF FF FF FF 00 00 00 00 FF AE 9B 04 
$01F0: 04 1D F2 5F E6 EF 4F B3 80 9B 8F EF 80 A5 57 80 

Page $0200-$02FF:
$0200: 18 FF 23 58 99 FC 40 3F 99 FC 40 47 A1 FC 40 3F 
$0210: A1 FC 40 47 A9 41 40 3F A9 32 40 47 B1 43 40 3F 
$0220: B1 42 40 47 F8 00 00 00 F8 00 00 00 F8 00 00 00 
$0230: F8 00 00 00 F8 00 00 00 F8 00 00 00 F8 00 00 00 
$0240: F8 00 00 00 F8 00 00 00 F8 00 00 00 F8 00 00 00 
$0250: F8 00 00 00 F8 00 00 00 F8 00 00 00 F8 00 00 00 
$0260: F8 00 00 00 F8 00 00 00 F8 00 00 00 F8 00 00 00 
$0270: F8 00 00 00 F8 00 00 00 F8 00 00 00 F8 00 00 00 
$0280: F8 00 00 00 F8 00 00 00 F8 00 00 00 F8 00 00 00 
$0290: F8 00 00 00 F8 00 00 00 F8 00 00 00 F8 00 00 00 
$02A0: F8 00 00 00 F8 00 00 00 F8 00 00 00 F8 00 00 00 
$02B0: F8 00 00 00 F8 00 00 00 F8 00 00 00 F8 00 00 00 
$02C0: F8 00 00 00 F8 00 00 00 F8 00 00 00 F8 00 00 00 
$02D0: F8 00 00 00 F8 00 00 00 F8 00 00 00 F8 00 00 00 
$02E0: F8 00 00 00 F8 00 00 00 F8 00 00 00 F8 00 00 00 
$02F0: F8 00 00 00 F8 00 00 00 F8 00 00 00 F8 00 00 00 

Page $0300-$03FF:
$0300: 00 00 0C 04 0F 07 17 0F 00 00 00 00 00 00 00 00 
$0310: 00 00 00 00 00 00 00 00 00 00 00 00 00 00 00 00 
$0320: 00 00 00 00 00 00 00 00 00 00 00 00 00 00 00 00 
$0330: 00 00 00 00 00 00 00 00 00 00 00 00 00 00 00 00 
$0340: 00 00 00 00 00 00 00 00 00 00 00 00 00 00 00 00 
$0350: 00 00 00 00 00 00 00 00 00 00 00 00 00 00 00 00 
$0360: 00 00 00 00 00 00 00 00 00 00 00 00 00 00 00 00 
$0370: 00 00 00 00 00 00 00 00 00 00 00 00 00 00 00 00 
$0380: 00 00 00 00 00 00 00 00 00 00 00 00 00 00 00 00 
$0390: 00 00 00 00 00 00 00 00 00 00 00 00 00 00 00 00 
$03A0: FF 00 00 00 00 00 00 00 00 00 00 00 00 3F 00 00 
$03B0: 00 00 00 00 00 00 00 00 99 00 00 00 00 00 00 00 
$03C0: 00 00 00 00 00 00 00 00 00 00 00 00 00 00 00 00 
$03D0: 00 00 00 00 00 00 00 00 00 00 00 00 00 00 00 00 
$03E0: 00 00 00 00 00 00 00 00 00 00 00 00 00 00 00 00 
$03F0: 00 00 00 00 00 00 00 00 00 00 00 00 00 00 00 00 

Page $0400-$04FF:
$0400: D0 00 00 00 00 00 00 00 00 00 00 00 00 00 00 00 
$0410: 00 00 00 00 00 00 E0 00 00 00 00 00 00 00 00 00 
$0420: 00 00 00 00 00 00 00 00 00 00 00 00 00 00 00 00 
$0430: 00 00 00 C0 00 00 00 00 00 00 00 00 00 00 00 00 
$0440: 00 00 00 00 00 00 00 00 00 00 00 00 00 00 00 00 
$0450: E8 00 00 00 00 00 18 00 00 00 00 00 00 00 00 00 
$0460: 00 00 00 00 00 00 00 00 00 00 00 00 00 00 00 00 
$0470: 00 00 00 00 00 00 00 00 00 00 00 00 00 00 00 00 
$0480: 00 00 00 00 00 00 00 00 00 00 00 00 00 00 00 00 
$0490: FF 00 00 00 00 00 00 00 00 01 00 00 00 00 00 00 
$04A0: 00 00 00 00 00 00 00 00 00 00 00 00 42 AD 4C B9 
$04B0: 00 00 00 00 00 00 00 00 00 00 00 00 00 00 00 00 
$04C0: 00 00 00 00 00 00 00 00 00 00 00 00 00 00 00 00 
$04D0: 00 00 00 00 00 00 00 00 00 00 00 00 00 00 00 00 
$04E0: 00 00 00 00 00 00 00 00 00 00 00 00 00 00 00 00 
$04F0: 00 00 00 00 00 00 00 00 00 00 00 00 00 00 00 00 

Page $0500-$05FF:
$0500: 00 00 00 00 00 00 00 00 00 00 00 00 00 00 00 00 
$0510: 00 00 00 00 00 00 00 00 00 00 00 00 00 00 00 00 
$0520: 00 00 00 00 00 00 00 00 00 00 00 00 00 00 00 00 
$0530: 00 00 00 00 00 00 00 00 00 00 00 00 00 00 00 00 
$0540: 00 00 00 00 00 00 00 00 00 00 00 00 00 00 00 00 
$0550: 00 00 00 00 00 00 00 00 00 00 00 00 00 00 00 00 
$0560: 00 00 00 00 00 00 00 00 00 00 00 00 00 00 00 00 
$0570: 00 00 00 00 00 00 00 00 00 00 00 00 00 00 00 00 
$0580: 00 00 00 00 00 00 00 00 00 00 00 00 00 00 00 00 
$0590: 00 00 00 00 00 00 00 00 00 00 00 00 00 00 00 00 
$05A0: 00 00 00 00 00 00 00 00 00 00 00 00 00 00 00 00 
$05B0: 54 54 54 54 54 54 54 54 54 54 54 54 54 54 54 54 
$05C0: 54 54 54 54 54 54 54 54 54 54 54 54 54 54 54 54 
$05D0: 00 00 00 00 00 00 00 00 00 00 00 00 00 00 00 00 
$05E0: 00 00 00 00 00 00 00 00 00 00 00 00 00 00 00 00 
$05F0: 00 00 00 00 00 00 00 00 00 00 00 00 00 00 00 00 

Page $0600-$06FF:
$0600: 00 00 00 00 00 00 C0 00 00 00 00 00 00 00 00 00 
$0610: 00 00 00 00 00 00 00 00 00 00 00 00 00 00 00 00 
$0620: 00 00 00 00 00 00 00 00 00 00 00 00 00 00 00 00 
$0630: 00 00 00 00 00 00 00 00 00 00 00 00 00 00 00 00 
$0640: C0 00 00 00 51 C1 51 C0 00 00 00 00 00 00 00 00 
$0650: 00 00 00 00 00 00 00 00 00 00 00 00 00 00 00 00 
$0660: 00 00 00 00 00 00 00 00 00 00 00 00 00 00 00 00 
$0670: 00 00 00 00 00 00 00 00 00 00 00 00 00 00 00 00 
$0680: 54 54 54 54 54 54 54 54 00 00 00 00 00 00 00 00 
$0690: 54 54 54 54 54 54 54 54 00 00 00 00 00 00 00 00 
$06A0: 18 00 00 00 00 00 00 00 C0 00 00 02 54 54 00 00 
$06B0: 00 00 00 00 00 00 00 00 00 00 00 00 00 00 00 00 
$06C0: 00 00 00 00 00 00 00 00 00 FF 00 00 00 00 00 00 
$06D0: 00 00 00 00 05 80 00 00 00 00 00 00 00 00 00 00 
$06E0: 02 58 48 38 04 D0 E8 28 40 58 70 88 A0 B0 24 C0 
$06F0: C4 C8 CC 58 60 68 70 78 80 88 90 98 80 00 00 01 

Page $0700-$07FF:
$0700: 0F 01 30 00 00 70 01 01 B0 20 70 00 07 00 00 00 
$0710: 02 00 00 00 00 01 00 00 00 00 00 00 00 FF FF 00 
$0720: 24 90 01 00 00 01 08 01 00 00 01 00 0A 00 08 02 
$0730: FF FF 00 00 00 00 00 00 00 03 01 00 0C 00 00 00 
$0740: 00 00 02 00 00 00 00 00 00 00 80 00 00 00 01 05 
$0750: C2 00 00 00 01 3F 00 00 00 00 02 00 00 01 00 00 
$0760: 00 02 00 00 01 00 00 00 00 00 00 00 00 00 00 00 
$0770: 01 00 03 00 00 00 00 00 10 1E 00 00 00 00 00 12 
$0780: 00 00 1A 00 00 00 00 02 00 17 00 00 00 00 00 00 
$0790: 00 00 00 00 00 00 00 00 00 00 00 00 00 00 00 00 
$07A0: 04 00 00 00 00 00 00 EC 5D 85 3E 34 48 20 00 00 
$07B0: 25 00 00 09 07 05 07 00 09 07 07 22 00 00 00 00 
$07C0: 30 21 00 00 00 00 00 11 00 00 00 00 00 00 00 00 
$07D0: 00 00 00 00 00 00 00 00 00 00 00 00 00 00 00 00 
$07E0: 00 00 00 00 00 00 00 00 00 00 00 00 00 00 00 00 
$07F0: 00 00 00 00 00 00 00 00 03 09 09 00 00 00 00 A5 

=== FRAME 255 (FC=210) ===
OperMode=1 FC=210 X=73 Y=133 Page=0 Speed=15 State=1

Zero Page ($00-$FF):
$00: 00 03 A5 02 00 49 20 00 05 D2 00 00 00 00 08 00 
$10: 00 00 00 00 00 00 00 00 00 00 00 00 00 01 00 00 
$20: 00 00 00 00 00 00 00 00 00 00 00 00 00 00 00 00 
$30: 00 00 00 02 00 00 00 00 00 00 00 00 00 00 00 00 
$40: 00 00 00 00 00 01 00 00 00 00 00 00 00 00 00 00 
$50: 00 00 00 00 00 00 00 0F 00 00 00 00 00 00 00 00 
$60: 00 00 00 00 00 00 00 00 00 00 00 00 00 00 01 01 
$70: 01 01 01 00 00 00 00 00 00 00 00 00 00 00 00 00 
$80: 00 00 00 00 00 00 49 60 60 60 60 60 00 00 00 00 
$90: 00 00 00 00 00 00 00 00 00 00 00 00 00 00 00 00 
$A0: 00 00 00 00 00 00 00 00 00 00 00 00 00 00 00 00 
$B0: 00 00 00 00 00 01 01 00 00 00 00 00 00 00 00 00 
$C0: 00 00 00 00 00 00 00 00 00 00 00 00 00 00 85 E0 
$D0: 00 00 00 00 00 00 00 00 00 00 00 00 00 00 00 00 
$E0: 00 00 00 00 00 00 00 90 A6 01 9F 13 00 00 00 00 
$F0: 18 80 00 00 01 F9 FA 09 12 1D 00 00 00 00 00 00 

Page $0100-$01FF:
$0100: 00 00 00 00 00 00 00 00 00 00 00 00 00 00 00 00 
$0110: 00 00 00 00 00 00 00 00 00 00 00 00 00 00 00 00 
$0120: 00 00 00 00 00 00 00 00 00 00 00 00 00 00 00 00 
$0130: 00 00 00 00 00 00 00 00 00 00 00 00 00 00 00 00 
$0140: 00 00 00 00 00 00 00 00 00 00 00 00 00 00 00 00 
$0150: 00 00 00 00 00 00 00 00 00 00 00 00 00 00 00 00 
$0160: 00 00 00 00 FF FF FF FF 00 00 00 00 FF FF FF FF 
$0170: 00 00 00 00 FF FF FF FF 00 00 00 00 FF FF FF FF 
$0180: 00 00 00 00 FF FF FF FF 00 00 00 00 FF FF FF FF 
$0190: 00 00 00 00 FF FF FF FF 00 00 00 00 FF FF FF FF 
$01A0: 00 00 00 00 FF FF FF FF 00 00 00 00 FF FF FF FF 
$01B0: 00 00 00 00 FF FF FF FF 00 00 00 00 FF FF FF FF 
$01C0: 00 00 00 00 FF FF FF FF 00 00 00 00 FF FF FF FF 
$01D0: 00 00 00 00 FF FF FF FF 00 00 00 00 FF FF FF FF 
$01E0: 00 00 00 00 FF FF FF FF 00 00 00 00 FF AE 9B 05 
$01F0: 05 1D F2 5F E6 EF 4F B3 00 9B 8F EF 80 A5 57 80 

Page $0200-$02FF:
$0200: 18 FF 23 58 85 FC 40 49 85 FC 40 51 8D FC 40 49 
$0210: 8D FC 40 51 95 41 40 49 95 32 40 51 9D 43 40 49 
$0220: 9D 42 40 51 F8 00 00 00 F8 00 00 00 F8 00 00 00 
$0230: F8 00 00 00 F8 00 00 00 F8 00 00 00 F8 00 00 00 
$0240: F8 00 00 00 F8 00 00 00 F8 00 00 00 F8 00 00 00 
$0250: F8 00 00 00 F8 00 00 00 F8 00 00 00 F8 00 00 00 
$0260: F8 00 00 00 F8 00 00 00 F8 00 00 00 F8 00 00 00 
$0270: F8 00 00 00 F8 00 00 00 F8 00 00 00 F8 00 00 00 
$0280: F8 00 00 00 F8 00 00 00 F8 00 00 00 F8 00 00 00 
$0290: F8 00 00 00 F8 00 00 00 F8 00 00 00 F8 00 00 00 
$02A0: F8 00 00 00 F8 00 00 00 F8 00 00 00 F8 00 00 00 
$02B0: F8 00 00 00 F8 00 00 00 F8 00 00 00 F8 00 00 00 
$02C0: F8 00 00 00 F8 00 00 00 F8 00 00 00 F8 00 00 00 
$02D0: F8 00 00 00 F8 00 00 00 F8 00 00 00 F8 00 00 00 
$02E0: F8 00 00 00 F8 00 00 00 F8 00 00 00 F8 00 00 00 
$02F0: F8 00 00 00 F8 00 00 00 F8 00 00 00 F8 00 00 00 

Page $0300-$03FF:
$0300: 00 00 0C 04 0F 27 17 0F 00 00 00 00 00 00 00 00 
$0310: 00 00 00 00 00 00 00 00 00 00 00 00 00 00 00 00 
$0320: 00 00 00 00 00 00 00 00 00 00 00 00 00 00 00 00 
$0330: 00 00 00 00 00 00 00 00 00 00 00 00 00 00 00 00 
$0340: 00 00 00 00 00 00 00 00 00 00 00 00 00 00 00 00 
$0350: 00 00 00 00 00 00 00 00 00 00 00 00 00 00 00 00 
$0360: 00 00 00 00 00 00 00 00 00 00 00 00 00 00 00 00 
$0370: 00 00 00 00 00 00 00 00 00 00 00 00 00 00 00 00 
$0380: 00 00 00 00 00 00 00 00 00 00 00 00 00 00 00 00 
$0390: 00 00 00 00 00 00 00 00 00 00 00 00 00 00 00 00 
$03A0: FF 00 00 00 00 00 00 00 00 00 00 00 00 49 00 00 
$03B0: 00 00 00 00 00 00 00 00 85 00 00 00 00 00 00 00 
$03C0: 00 00 00 00 00 00 00 00 00 00 00 00 00 00 00 00 
$03D0: 00 00 00 00 00 00 00 00 00 00 00 00 00 00 00 00 
$03E0: 00 00 00 00 00 00 00 00 00 00 00 00 00 00 00 00 
$03F0: 00 00 00 00 00 00 00 00 00 00 00 00 00 00 00 00 

Page $0400-$04FF:
$0400: 30 00 00 00 00 00 00 00 00 00 00 00 00 00 00 00 
$0410: 00 00 00 00 00 00 90 00 00 00 00 00 00 00 00 00 
$0420: 00 00 00 00 00 00 00 00 00 00 00 00 00 00 00 00 
$0430: 00 00 00 30 00 00 00 00 00 00 00 00 00 00 00 00 
$0440: 00 00 00 00 00 00 00 00 00 00 00 00 00 00 00 00 
$0450: E8 00 00 00 00 00 18 00 00 00 00 00 00 00 00 00 
$0460: 00 00 00 00 00 00 00 00 00 00 00 00 00 00 00 00 
$0470: 00 00 00 00 00 00 00 00 00 00 00 00 00 00 00 00 
$0480: 00 00 00 00 00 00 00 00 00 00 00 00 00 00 00 00 
$0490: FF 00 00 00 00 00 00 00 00 01 00 00 00 00 00 00 
$04A0: 00 00 00 00 00 00 00 00 00 00 00 00 4C 99 56 A5 
$04B0: 00 00 00 00 00 00 00 00 00 00 00 00 00 00 00 00 
$04C0: 00 00 00 00 00 00 00 00 00 00 00 00 00 00 00 00 
$04D0: 00 00 00 00 00 00 00 00 00 00 00 00 00 00 00 00 
$04E0: 00 00 00 00 00 00 00 00 00 00 00 00 00 00 00 00 
$04F0: 00 00 00 00 00 00 00 00 00 00 00 00 00 00 00 00 

Page $0500-$05FF:
$0500: 00 00 00 00 00 00 00 00 00 00 00 00 00 00 00 00 
$0510: 00 00 00 00 00 00 00 00 00 00 00 00 00 00 00 00 
$0520: 00 00 00 00 00 00 00 00 00 00 00 00 00 00 00 00 
$0530: 00 00 00 00 00 00 00 00 00 00 00 00 00 00 00 00 
$0540: 00 00 00 00 00 00 00 00 00 00 00 00 00 00 00 00 
$0550: 00 00 00 00 00 00 00 00 00 00 00 00 00 00 00 00 
$0560: 00 00 00 00 00 00 00 00 00 00 00 00 00 00 00 00 
$0570: 00 00 00 00 00 00 00 00 00 00 00 00 00 00 00 00 
$0580: 00 00 00 00 00 00 00 00 00 00 00 00 00 00 00 00 
$0590: 00 00 00 00 00 00 00 00 00 00 00 00 00 00 00 00 
$05A0: 00 00 00 00 00 00 00 00 00 00 00 00 00 00 00 00 
$05B0: 54 54 54 54 54 54 54 54 54 54 54 54 54 54 54 54 
$05C0: 54 54 54 54 54 54 54 54 54 54 54 54 54 54 54 54 
$05D0: 00 00 00 00 00 00 00 00 00 00 00 00 00 00 00 00 
$05E0: 00 00 00 00 00 00 00 00 00 00 00 00 00 00 00 00 
$05F0: 00 00 00 00 00 00 00 00 00 00 00 00 00 00 00 00 

Page $0600-$06FF:
$0600: 00 00 00 00 00 00 C0 00 00 00 00 00 00 00 00 00 
$0610: 00 00 00 00 00 00 00 00 00 00 00 00 00 00 00 00 
$0620: 00 00 00 00 00 00 00 00 00 00 00 00 00 00 00 00 
$0630: 00 00 00 00 00 00 00 00 00 00 00 00 00 00 00 00 
$0640: C0 00 00 00 51 C1 51 C0 00 00 00 00 00 00 00 00 
$0650: 00 00 00 00 00 00 00 00 00 00 00 00 00 00 00 00 
$0660: 00 00 00 00 00 00 00 00 00 00 00 00 00 00 00 00 
$0670: 00 00 00 00 00 00 00 00 00 00 00 00 00 00 00 00 
$0680: 54 54 54 54 54 54 54 54 00 00 00 00 00 00 00 00 
$0690: 54 54 54 54 54 54 54 54 00 00 00 00 00 00 00 00 
$06A0: 18 00 00 00 00 00 00 00 C0 00 00 02 54 54 00 00 
$06B0: 00 00 00 00 00 00 00 00 00 00 00 00 00 00 00 00 
$06C0: 00 00 00 00 00 00 00 00 00 FF 00 00 00 00 00 00 
$06D0: 00 00 00 00 01 80 00 00 00 00 00 00 00 00 00 00 
$06E0: 00 58 48 38 04 30 48 60 78 90 A8 C0 D8 E8 24 F8 
$06F0: FC 28 2C 90 98 A0 A8 B0 B8 C0 C8 D0 00 00 00 01 

Page $0700-$07FF:
$0700: 0F 01 30 00 00 70 01 01 B0 70 70 00 07 00 00 00 
$0710: 02 00 00 00 00 01 00 00 00 00 00 00 00 FF FF 00 
$0720: 24 90 01 00 00 01 08 01 00 00 01 00 0A 00 08 02 
$0730: FF FF 00 00 00 00 00 00 00 03 01 00 0C 00 00 00 
$0740: 00 00 02 00 00 00 00 00 00 00 00 00 00 00 01 05 
$0750: C2 00 00 00 01 49 00 00 00 00 02 00 00 01 00 00 
$0760: 00 02 00 00 01 00 00 00 00 00 00 00 00 00 00 00 
$0770: 01 00 03 00 00 00 00 00 10 1E 00 00 00 00 00 08 
$0780: 00 00 10 00 00 00 00 10 00 17 00 00 00 00 00 00 
$0790: 00 00 00 00 00 00 00 00 00 00 00 00 00 00 00 00 
$07A0: 04 00 00 00 00 00 00 96 3B 17 61 4F 8D 12 00 00 
$07B0: 26 00 00 12 0F 04 0F 00 09 06 0F 18 00 00 00 00 
$07C0: 30 21 00 00 00 00 00 11 00 00 00 00 00 00 00 00 
$07D0: 00 00 00 00 00 00 00 00 00 00 00 00 00 00 00 00 
$07E0: 00 00 00 00 00 00 00 00 00 00 00 00 00 00 00 00 
$07F0: 00 00 00 00 00 00 00 00 03 09 08 00 00 00 00 A5 

=== FRAME 265 (FC=220) ===
OperMode=1 FC=220 X=82 Y=155 Page=0 Speed=15 State=1

Zero Page ($00-$FF):
$00: 02 03 BB 02 00 50 20 00 05 DC 00 00 00 00 08 00 
$10: 00 00 00 00 00 00 00 00 00 00 00 00 00 01 00 00 
$20: 00 00 00 00 00 00 00 00 00 00 00 00 00 00 00 00 
$30: 00 00 00 02 00 00 00 00 00 00 00 00 00 00 00 00 
$40: 00 00 00 00 00 01 00 00 00 00 00 00 00 00 00 00 
$50: 00 00 00 00 00 00 00 0F 00 00 00 00 00 00 00 00 
$60: 00 00 00 00 00 00 00 00 00 00 00 00 00 00 01 01 
$70: 01 01 01 00 00 00 00 00 00 00 00 00 00 00 00 00 
$80: 00 00 00 00 00 00 52 60 60 60 60 60 00 00 00 00 
$90: 00 00 00 00 00 00 00 00 00 00 00 00 00 00 00 04 
$A0: 00 00 00 00 00 00 00 00 00 00 00 00 00 00 00 00 
$B0: 00 00 00 00 00 01 01 00 00 00 00 00 00 00 00 00 
$C0: 00 00 00 00 00 00 00 00 00 00 00 00 00 00 9B E0 
$D0: 00 00 00 00 00 00 00 00 00 00 00 00 00 00 00 00 
$E0: 00 00 00 00 00 00 00 90 A6 01 9F 13 00 00 00 00 
$F0: 18 80 00 00 01 F9 FA 09 12 1E 00 00 00 00 00 00 

Page $0100-$01FF:
$0100: 00 00 00 00 00 00 00 00 00 00 00 00 00 00 00 00 
$0110: 00 00 00 00 00 00 00 00 00 00 00 00 00 00 00 00 
$0120: 00 00 00 00 00 00 00 00 00 00 00 00 00 00 00 00 
$0130: 00 00 00 00 00 00 00 00 00 00 00 00 00 00 00 00 
$0140: 00 00 00 00 00 00 00 00 00 00 00 00 00 00 00 00 
$0150: 00 00 00 00 00 00 00 00 00 00 00 00 00 00 00 00 
$0160: 00 00 00 00 FF FF FF FF 00 00 00 00 FF FF FF FF 
$0170: 00 00 00 00 FF FF FF FF 00 00 00 00 FF FF FF FF 
$0180: 00 00 00 00 FF FF FF FF 00 00 00 00 FF FF FF FF 
$0190: 00 00 00 00 FF FF FF FF 00 00 00 00 FF FF FF FF 
$01A0: 00 00 00 00 FF FF FF FF 00 00 00 00 FF FF FF FF 
$01B0: 00 00 00 00 FF FF FF FF 00 00 00 00 FF FF FF FF 
$01C0: 00 00 00 00 FF FF FF FF 00 00 00 00 FF FF FF FF 
$01D0: 00 00 00 00 FF FF FF FF 00 00 00 00 FF FF FF FF 
$01E0: 00 00 00 00 FF FF FF FF 00 00 00 00 FF AE 9B 05 
$01F0: 05 1D F2 5F E6 EF 4F B3 00 9B 8F EF 80 A5 57 80 

Page $0200-$02FF:
$0200: 18 FF 23 58 9B FC 40 50 9B FC 40 58 A3 FC 40 50 
$0210: A3 FC 40 58 AB 41 40 50 AB 32 40 58 B3 43 40 50 
$0220: B3 42 40 58 F8 00 00 00 F8 00 00 00 F8 00 00 00 
$0230: F8 00 00 00 F8 00 00 00 F8 00 00 00 F8 00 00 00 
$0240: F8 00 00 00 F8 00 00 00 F8 00 00 00 F8 00 00 00 
$0250: F8 00 00 00 F8 00 00 00 F8 00 00 00 F8 00 00 00 
$0260: F8 00 00 00 F8 00 00 00 F8 00 00 00 F8 00 00 00 
$0270: F8 00 00 00 F8 00 00 00 F8 00 00 00 F8 00 00 00 
$0280: F8 00 00 00 F8 00 00 00 F8 00 00 00 F8 00 00 00 
$0290: F8 00 00 00 F8 00 00 00 F8 00 00 00 F8 00 00 00 
$02A0: F8 00 00 00 F8 00 00 00 F8 00 00 00 F8 00 00 00 
$02B0: F8 00 00 00 F8 00 00 00 F8 00 00 00 F8 00 00 00 
$02C0: F8 00 00 00 F8 00 00 00 F8 00 00 00 F8 00 00 00 
$02D0: F8 00 00 00 F8 00 00 00 F8 00 00 00 F8 00 00 00 
$02E0: F8 00 00 00 F8 00 00 00 F8 00 00 00 F8 00 00 00 
$02F0: F8 00 00 00 F8 00 00 00 F8 00 00 00 F8 00 00 00 

Page $0300-$03FF:
$0300: 00 00 0C 04 0F 27 17 0F 00 00 00 00 00 00 00 00 
$0310: 00 00 00 00 00 00 00 00 00 00 00 00 00 00 00 00 
$0320: 00 00 00 00 00 00 00 00 00 00 00 00 00 00 00 00 
$0330: 00 00 00 00 00 00 00 00 00 00 00 00 00 00 00 00 
$0340: 00 00 00 00 00 00 00 00 00 00 00 00 00 00 00 00 
$0350: 00 00 00 00 00 00 00 00 00 00 00 00 00 00 00 00 
$0360: 00 00 00 00 00 00 00 00 00 00 00 00 00 00 00 00 
$0370: 00 00 00 00 00 00 00 00 00 00 00 00 00 00 00 00 
$0380: 00 00 00 00 00 00 00 00 00 00 00 00 00 00 00 00 
$0390: 00 00 00 00 00 00 00 00 00 00 00 00 00 00 00 00 
$03A0: FF 00 00 00 00 00 00 00 00 00 00 00 00 50 00 00 
$03B0: 00 00 00 00 00 00 00 00 9B 00 00 00 00 00 00 00 
$03C0: 00 00 00 00 00 00 00 00 00 00 00 00 00 00 00 00 
$03D0: 00 00 00 00 00 00 00 00 00 00 00 00 00 00 00 00 
$03E0: 00 00 00 00 00 00 00 00 00 00 00 00 00 00 00 00 
$03F0: 00 00 00 00 00 00 00 00 00 00 00 00 00 00 00 00 

Page $0400-$04FF:
$0400: 90 00 00 00 00 00 00 00 00 00 00 00 00 00 00 00 
$0410: 00 00 00 00 00 00 20 00 00 00 00 00 00 00 00 00 
$0420: 00 00 00 00 00 00 00 00 00 00 00 00 00 00 00 00 
$0430: 00 00 00 00 00 00 00 00 00 00 00 00 00 00 00 00 
$0440: 00 00 00 00 00 00 00 00 00 00 00 00 00 00 00 00 
$0450: E8 00 00 00 00 00 18 00 00 00 00 00 00 00 00 00 
$0460: 00 00 00 00 00 00 00 00 00 00 00 00 00 00 00 00 
$0470: 00 00 00 00 00 00 00 00 00 00 00 00 00 00 00 00 
$0480: 00 00 00 00 00 00 00 00 00 00 00 00 00 00 00 00 
$0490: FF 00 00 00 00 00 00 00 00 01 00 00 00 00 00 00 
$04A0: 00 00 00 00 00 00 00 00 00 00 00 00 53 AF 5D BB 
$04B0: 00 00 00 00 00 00 00 00 00 00 00 00 00 00 00 00 
$04C0: 00 00 00 00 00 00 00 00 00 00 00 00 00 00 00 00 
$04D0: 00 00 00 00 00 00 00 00 00 00 00 00 00 00 00 00 
$04E0: 00 00 00 00 00 00 00 00 00 00 00 00 00 00 00 00 
$04F0: 00 00 00 00 00 00 00 00 00 00 00 00 00 00 00 00 

Page $0500-$05FF:
$0500: 00 00 00 00 00 00 00 00 00 00 00 00 00 00 00 00 
$0510: 00 00 00 00 00 00 00 00 00 00 00 00 00 00 00 00 
$0520: 00 00 00 00 00 00 00 00 00 00 00 00 00 00 00 00 
$0530: 00 00 00 00 00 00 00 00 00 00 00 00 00 00 00 00 
$0540: 00 00 00 00 00 00 00 00 00 00 00 00 00 00 00 00 
$0550: 00 00 00 00 00 00 00 00 00 00 00 00 00 00 00 00 
$0560: 00 00 00 00 00 00 00 00 00 00 00 00 00 00 00 00 
$0570: 00 00 00 00 00 00 00 00 00 00 00 00 00 00 00 00 
$0580: 00 00 00 00 00 00 00 00 00 00 00 00 00 00 00 00 
$0590: 00 00 00 00 00 00 00 00 00 00 00 00 00 00 00 00 
$05A0: 00 00 00 00 00 00 00 00 00 00 00 00 00 00 00 00 
$05B0: 54 54 54 54 54 54 54 54 54 54 54 54 54 54 54 54 
$05C0: 54 54 54 54 54 54 54 54 54 54 54 54 54 54 54 54 
$05D0: 00 00 00 00 00 00 00 00 00 00 00 00 00 00 00 00 
$05E0: 00 00 00 00 00 00 00 00 00 00 00 00 00 00 00 00 
$05F0: 00 00 00 00 00 00 00 00 00 00 00 00 00 00 00 00 

Page $0600-$06FF:
$0600: 00 00 00 00 00 00 C0 00 00 00 00 00 00 00 00 00 
$0610: 00 00 00 00 00 00 00 00 00 00 00 00 00 00 00 00 
$0620: 00 00 00 00 00 00 00 00 00 00 00 00 00 00 00 00 
$0630: 00 00 00 00 00 00 00 00 00 00 00 00 00 00 00 00 
$0640: C0 00 00 00 51 C1 51 C0 00 00 00 00 00 00 00 00 
$0650: 00 00 00 00 00 00 00 00 00 00 00 00 00 00 00 00 
$0660: 00 00 00 00 00 00 00 00 00 00 00 00 00 00 00 00 
$0670: 00 00 00 00 00 00 00 00 00 00 00 00 00 00 00 00 
$0680: 54 54 54 54 54 54 54 54 00 00 00 00 00 00 00 00 
$0690: 54 54 54 54 54 54 54 54 00 00 00 00 00 00 00 00 
$06A0: 18 00 00 00 00 00 00 00 C0 00 00 02 54 54 00 00 
$06B0: 00 00 00 00 00 00 00 00 00 00 00 00 00 00 00 00 
$06C0: 00 00 00 00 00 00 00 00 00 FF 00 00 00 00 00 00 
$06D0: 00 00 00 00 02 80 00 00 00 00 00 00 00 00 00 00 
$06E0: 01 58 48 38 04 88 A0 B8 D0 E8 28 40 58 68 24 78 
$06F0: 7C 80 84 E8 F0 F8 28 30 38 40 48 50 00 00 00 01 

Page $0700-$07FF:
$0700: 0F 01 30 00 00 70 01 01 B0 70 70 00 07 00 00 00 
$0710: 02 00 00 00 00 01 00 00 00 00 00 01 02 01 FF 00 
$0720: 24 90 01 00 00 01 08 01 00 00 01 00 0A 00 08 02 
$0730: FF FF 00 00 00 00 00 00 00 03 01 00 0C 02 00 02 
$0740: 00 00 02 00 00 00 00 00 00 00 00 00 00 00 01 05 
$0750: C2 00 00 00 01 50 00 00 00 00 02 00 00 01 00 00 
$0760: 00 02 00 00 01 00 00 00 00 00 00 00 00 00 00 00 
$0770: 01 00 03 00 00 01 00 00 10 1E 00 00 00 00 00 13 
$0780: 00 00 06 00 00 00 00 06 00 17 00 00 00 00 00 00 
$0790: 00 00 00 00 00 08 00 00 00 00 00 00 00 00 00 00 
$07A0: 03 00 00 00 00 00 00 15 A5 8E C5 D8 53 E3 00 00 
$07B0: 26 00 00 12 05 00 05 00 09 05 05 0E 00 00 00 00 
$07C0: 30 21 00 00 00 00 00 11 00 00 00 00 00 00 00 00 
$07D0: 00 00 00 00 00 00 00 00 00 00 00 00 00 00 00 00 
$07E0: 00 00 00 00 00 00 00 00 00 00 00 00 00 00 00 00 
$07F0: 00 00 00 00 00 00 00 00 03 09 08 00 00 00 00 A5 

=== FRAME 295 (FC=250) ===
OperMode=1 FC=250 X=107 Y=115 Page=0 Speed=13 State=1

Zero Page ($00-$FF):
$00: 02 03 93 02 00 50 20 00 05 FA 80 00 00 80 08 00 
$10: 00 00 00 00 00 00 00 00 00 00 00 00 00 01 00 00 
$20: 00 00 00 00 00 00 00 00 00 00 00 00 00 00 00 00 
$30: 00 00 00 02 00 00 00 00 00 00 00 00 00 00 00 00 
$40: 00 00 00 00 00 01 00 00 00 00 00 00 00 00 00 00 
$50: 00 00 00 00 00 00 00 0D 00 00 00 00 00 00 00 00 
$60: 00 00 00 00 00 00 00 00 00 00 00 00 00 00 01 01 
$70: 01 01 01 00 00 00 00 00 00 00 00 00 00 00 00 00 
$80: 00 00 00 00 00 00 6B 60 60 60 60 60 00 00 00 00 
$90: 00 00 00 00 00 00 00 00 00 00 00 00 00 00 00 FE 
$A0: 00 00 00 00 00 00 00 00 00 00 00 00 00 00 00 00 
$B0: 00 00 00 00 00 01 01 00 00 00 00 00 00 00 00 00 
$C0: 00 00 00 00 00 00 00 00 00 00 00 00 00 00 73 E0 
$D0: 00 00 00 00 00 00 00 00 00 00 00 00 00 00 00 00 
$E0: 00 00 00 00 00 00 00 90 A6 01 9F 13 00 00 00 00 
$F0: 18 80 00 00 01 F9 FA 0B 14 20 00 00 00 00 00 00 

Page $0100-$01FF:
$0100: 00 00 00 00 00 00 00 00 00 00 00 00 00 00 00 00 
$0110: 00 00 00 00 00 00 00 00 00 00 00 00 00 00 00 00 
$0120: 00 00 00 00 00 00 00 00 00 00 00 00 00 00 00 00 
$0130: 00 00 00 00 00 00 00 00 00 00 00 00 00 00 00 00 
$0140: 00 00 00 00 00 00 00 00 00 00 00 00 00 00 00 00 
$0150: 00 00 00 00 00 00 00 00 00 00 00 00 00 00 00 00 
$0160: 00 00 00 00 FF FF FF FF 00 00 00 00 FF FF FF FF 
$0170: 00 00 00 00 FF FF FF FF 00 00 00 00 FF FF FF FF 
$0180: 00 00 00 00 FF FF FF FF 00 00 00 00 FF FF FF FF 
$0190: 00 00 00 00 FF FF FF FF 00 00 00 00 FF FF FF FF 
$01A0: 00 00 00 00 FF FF FF FF 00 00 00 00 FF FF FF FF 
$01B0: 00 00 00 00 FF FF FF FF 00 00 00 00 FF FF FF FF 
$01C0: 00 00 00 00 FF FF FF FF 00 00 00 00 FF FF FF FF 
$01D0: 00 00 00 00 FF FF FF FF 00 00 00 00 FF FF FF FF 
$01E0: 00 00 00 00 FF FF FF FF 00 00 00 00 FF AE 9B 07 
$01F0: 07 1D F2 5F E6 EF 4F B3 00 9B 8F EF 80 A5 57 80 

Page $0200-$02FF:
$0200: 18 FF 23 58 73 FC 40 50 73 FC 40 58 7B FC 40 50 
$0210: 7B FC 40 58 83 41 40 50 83 32 40 58 8B 43 40 50 
$0220: 8B 42 40 58 F8 00 00 00 F8 00 00 00 F8 00 00 00 
$0230: F8 00 00 00 F8 00 00 00 F8 00 00 00 F8 00 00 00 
$0240: F8 00 00 00 F8 00 00 00 F8 00 00 00 F8 00 00 00 
$0250: F8 00 00 00 F8 00 00 00 F8 00 00 00 F8 00 00 00 
$0260: F8 00 00 00 F8 00 00 00 F8 00 00 00 F8 00 00 00 
$0270: F8 00 00 00 F8 00 00 00 F8 00 00 00 F8 00 00 00 
$0280: F8 00 00 00 F8 00 00 00 F8 00 00 00 F8 00 00 00 
$0290: F8 00 00 00 F8 00 00 00 F8 00 00 00 F8 00 00 00 
$02A0: F8 00 00 00 F8 00 00 00 F8 00 00 00 F8 00 00 00 
$02B0: F8 00 00 00 F8 00 00 00 F8 00 00 00 F8 00 00 00 
$02C0: F8 00 00 00 F8 00 00 00 F8 00 00 00 F8 00 00 00 
$02D0: F8 00 00 00 F8 00 00 00 F8 00 00 00 F8 00 00 00 
$02E0: F8 00 00 00 F8 00 00 00 F8 00 00 00 F8 00 00 00 
$02F0: F8 00 00 00 F8 00 00 00 F8 00 00 00 F8 00 00 00 

Page $0300-$03FF:
$0300: 00 00 0C 04 0F 17 17 0F 00 00 00 00 00 00 00 00 
$0310: 00 00 00 00 00 00 00 00 00 00 00 00 00 00 00 00 
$0320: 00 00 00 00 00 00 00 00 00 00 00 00 00 00 00 00 
$0330: 00 00 00 00 00 00 00 00 00 00 00 00 00 00 00 00 
$0340: 00 00 00 00 00 00 00 00 00 00 00 00 00 00 00 00 
$0350: 00 00 00 00 00 00 00 00 00 00 00 00 00 00 00 00 
$0360: 00 00 00 00 00 00 00 00 00 00 00 00 00 00 00 00 
$0370: 00 00 00 00 00 00 00 00 00 00 00 00 00 00 00 00 
$0380: 00 00 00 00 00 00 00 00 00 00 00 00 00 00 00 00 
$0390: 00 00 00 00 00 00 00 00 00 00 00 00 00 00 00 00 
$03A0: FF 00 00 00 00 00 00 00 00 00 00 00 00 50 00 00 
$03B0: 00 00 00 00 00 00 00 00 73 00 00 00 00 00 00 00 
$03C0: 00 00 00 00 00 00 00 00 00 00 00 00 00 00 00 00 
$03D0: 00 00 00 00 00 00 00 00 00 00 00 00 00 00 00 00 
$03E0: 00 00 00 00 00 00 00 00 00 00 00 00 00 00 00 00 
$03F0: 00 00 00 00 00 00 00 00 00 00 00 00 00 00 00 00 

Page $0400-$04FF:
$0400: A0 00 00 00 00 00 00 00 00 00 00 00 00 00 00 00 
$0410: 00 00 00 00 00 00 A0 00 00 00 00 00 00 00 00 00 
$0420: 00 00 00 00 00 00 00 00 00 00 00 00 00 00 00 00 
$0430: 00 00 00 E0 00 00 00 00 00 00 00 00 00 00 00 00 
$0440: 00 00 00 00 00 00 00 00 00 00 00 00 00 00 00 00 
$0450: E8 00 00 00 00 00 18 00 00 00 00 00 00 00 00 00 
$0460: 00 00 00 00 00 00 00 00 00 00 00 00 00 00 00 00 
$0470: 00 00 00 00 00 00 00 00 00 00 00 00 00 00 00 00 
$0480: 00 00 00 00 00 00 00 00 00 00 00 00 00 00 00 00 
$0490: FF 00 00 00 00 00 00 00 00 01 00 00 00 00 00 00 
$04A0: 00 00 00 00 00 00 00 00 00 00 00 00 53 87 5D 93 
$04B0: 00 00 00 00 00 00 00 00 00 00 00 00 00 00 00 00 
$04C0: 00 00 00 00 00 00 00 00 00 00 00 00 00 00 00 00 
$04D0: 00 00 00 00 00 00 00 00 00 00 00 00 00 00 00 00 
$04E0: 00 00 00 00 00 00 00 00 00 00 00 00 00 00 00 00 
$04F0: 00 00 00 00 00 00 00 00 00 00 00 00 00 00 00 00 

Page $0500-$05FF:
$0500: 00 00 00 00 00 00 00 00 00 00 00 00 00 00 00 00 
$0510: 00 00 00 00 00 00 00 00 00 00 00 00 00 00 00 00 
$0520: 00 00 00 00 00 00 00 00 00 00 00 00 00 00 00 00 
$0530: 00 00 00 00 00 00 00 00 00 00 00 00 00 00 00 00 
$0540: 00 00 00 00 00 00 00 00 00 00 00 00 00 00 00 00 
$0550: 00 00 00 00 00 00 00 00 00 00 00 00 00 00 00 00 
$0560: 00 00 00 00 00 00 00 00 00 00 00 00 00 00 00 00 
$0570: 00 00 00 00 00 00 00 00 00 00 00 00 00 00 00 00 
$0580: 00 00 00 00 00 00 00 00 00 00 00 00 00 00 00 00 
$0590: 00 00 00 00 00 00 00 00 00 00 00 00 00 00 00 00 
$05A0: 00 00 00 00 00 00 00 00 00 00 00 00 00 00 00 00 
$05B0: 54 54 54 54 54 54 54 54 54 54 54 54 54 54 54 54 
$05C0: 54 54 54 54 54 54 54 54 54 54 54 54 54 54 54 54 
$05D0: 00 00 00 00 00 00 00 00 00 00 00 00 00 00 00 00 
$05E0: 00 00 00 00 00 00 00 00 00 00 00 00 00 00 00 00 
$05F0: 00 00 00 00 00 00 00 00 00 00 00 00 00 00 00 00 

Page $0600-$06FF:
$0600: 00 00 00 00 00 00 C0 00 00 00 00 00 00 00 00 00 
$0610: 00 00 00 00 00 00 00 00 00 00 00 00 00 00 00 00 
$0620: 00 00 00 00 00 00 00 00 00 00 00 00 00 00 00 00 
$0630: 00 00 00 00 00 00 00 00 00 00 00 00 00 00 00 00 
$0640: C0 00 00 00 51 C1 51 C0 00 00 00 00 00 00 00 00 
$0650: 00 00 00 00 00 00 00 00 00 00 00 00 00 00 00 00 
$0660: 00 00 00 00 00 00 00 00 00 00 00 00 00 00 00 00 
$0670: 00 00 00 00 00 00 00 00 00 00 00 00 00 00 00 00 
$0680: 54 54 54 54 54 54 54 54 00 00 00 00 00 00 00 00 
$0690: 54 54 54 54 54 54 54 54 00 00 00 00 00 00 00 00 
$06A0: 18 00 00 00 00 00 00 00 C0 00 00 02 54 54 00 00 
$06B0: 00 00 00 00 00 00 00 00 00 00 00 00 00 00 00 00 
$06C0: 00 00 00 00 00 00 00 00 00 FF 00 00 00 00 00 00 
$06D0: 00 00 00 00 00 80 00 00 00 00 00 00 00 00 00 00 
$06E0: 01 58 48 38 04 88 A0 B8 D0 E8 28 40 58 68 24 78 
$06F0: 7C 80 84 E8 F0 F8 28 30 38 40 48 50 00 00 00 01 

Page $0700-$07FF:
$0700: 0D 01 30 00 00 10 01 01 B0 20 70 00 04 00 00 00 
$0710: 02 00 00 00 00 01 00 00 00 00 00 01 1B 1A FF 00 
$0720: 24 90 01 00 00 01 08 01 00 00 01 00 0A 00 08 02 
$0730: FF FF 00 00 00 00 00 00 00 03 01 00 0C 1B 00 1B 
$0740: 00 00 02 00 00 00 00 00 00 00 00 00 00 00 01 05 
$0750: C2 00 00 00 01 50 00 00 00 00 02 00 00 01 00 00 
$0760: 00 02 00 00 01 00 00 00 00 00 00 00 00 00 00 00 
$0770: 01 00 03 00 00 01 00 00 10 1E 00 00 00 00 00 0A 
$0780: 00 00 09 00 00 00 00 00 00 17 00 00 00 00 00 00 
$0790: 00 00 00 00 00 08 00 00 00 00 00 00 00 00 00 00 
$07A0: 02 00 00 00 00 00 00 73 7D 9B 60 56 96 3B 00 00 
$07B0: 27 00 00 24 0B 00 0B 00 24 0B 02 11 00 00 00 00 
$07C0: 30 21 00 00 00 00 00 11 00 00 00 00 00 00 00 00 
$07D0: 00 00 00 00 00 00 00 00 00 00 00 00 00 00 00 00 
$07E0: 00 00 00 00 00 00 00 00 00 00 00 00 00 00 00 00 
$07F0: 00 00 00 00 00 00 00 00 03 09 07 00 00 00 00 A5 
